Signal Legend:

Key        Signal Name

0        = TX:u0|prbs31:prbs_0|data_out
1        = TX:u0|prbs31:prbs_0|data_out_valid
2        = TX:u0|grey_encode:gray_encoder_0|data_in
3        = TX:u0|grey_encode:gray_encoder_0|data_in_valid
4        = TX:u0|grey_encode:gray_encoder_0|symbol_out[0]
5        = TX:u0|grey_encode:gray_encoder_0|symbol_out[1]
6        = TX:u0|pam_4_encode:pam_encoder_0|symbol_in_valid
7        = TX:u0|pam_4_encode:pam_encoder_0|symbol_in[1..0]
8        = TX:u0|pam_4_encode:pam_encoder_0|voltage_level_out_valid
9        = TX:u0|pam_4_encode:pam_encoder_0|voltage_level_out[7..0]

Data Table:

Signals-> 0 1 2 3 4 5 6 7  8 9   

sample

-256      0 0 0 0 0 0 0 0h 0 E4h 
-255      0 0 0 0 0 0 0 0h 0 E4h 
-254      0 0 0 0 0 0 0 0h 0 E4h 
-253      0 0 0 0 0 0 0 0h 0 E4h 
-252      0 0 0 0 0 0 0 0h 0 E4h 
-251      0 0 0 0 0 0 0 0h 0 E4h 
-250      0 0 0 0 0 0 0 0h 0 E4h 
-249      0 0 0 0 0 0 0 0h 0 E4h 
-248      0 0 0 0 0 0 0 0h 0 E4h 
-247      0 0 0 0 0 0 0 0h 0 E4h 
-246      0 0 0 0 0 0 0 0h 0 E4h 
-245      0 0 0 0 0 0 0 0h 0 E4h 
-244      0 0 0 0 0 0 0 0h 0 E4h 
-243      0 0 0 0 0 0 0 0h 0 E4h 
-242      0 0 0 0 0 0 0 0h 0 E4h 
-241      0 0 0 0 0 0 0 0h 0 E4h 
-240      0 0 0 0 0 0 0 0h 0 E4h 
-239      0 0 0 0 0 0 0 0h 0 E4h 
-238      0 0 0 0 0 0 0 0h 0 E4h 
-237      0 0 0 0 0 0 0 0h 0 E4h 
-236      0 0 0 0 0 0 0 0h 0 E4h 
-235      0 0 0 0 0 0 0 0h 0 E4h 
-234      0 0 0 0 0 0 0 0h 0 E4h 
-233      0 0 0 0 0 0 0 0h 0 E4h 
-232      0 0 0 0 0 0 0 0h 0 E4h 
-231      0 0 0 0 0 0 0 0h 0 E4h 
-230      0 0 0 0 0 0 0 0h 0 E4h 
-229      0 0 0 0 0 0 0 0h 0 E4h 
-228      0 0 0 0 0 0 0 0h 0 E4h 
-227      0 0 0 0 0 0 0 0h 0 E4h 
-226      0 0 0 0 0 0 0 0h 0 E4h 
-225      0 0 0 0 0 0 0 0h 0 E4h 
-224      0 0 0 0 0 0 0 0h 0 E4h 
-223      0 0 0 0 0 0 0 0h 0 E4h 
-222      0 0 0 0 0 0 0 0h 0 E4h 
-221      0 0 0 0 0 0 0 0h 0 E4h 
-220      0 0 0 0 0 0 0 0h 0 E4h 
-219      0 0 0 0 0 0 0 0h 0 E4h 
-218      0 0 0 0 0 0 0 0h 0 E4h 
-217      0 0 0 0 0 0 0 0h 0 E4h 
-216      0 0 0 0 0 0 0 0h 0 E4h 
-215      0 0 0 0 0 0 0 0h 0 E4h 
-214      0 0 0 0 0 0 0 0h 0 E4h 
-213      0 0 0 0 0 0 0 0h 0 E4h 
-212      0 0 0 0 0 0 0 0h 0 E4h 
-211      0 0 0 0 0 0 0 0h 0 E4h 
-210      0 0 0 0 0 0 0 0h 0 E4h 
-209      0 0 0 0 0 0 0 0h 0 E4h 
-208      0 0 0 0 0 0 0 0h 0 E4h 
-207      0 0 0 0 0 0 0 0h 0 E4h 
-206      0 0 0 0 0 0 0 0h 0 E4h 
-205      0 0 0 0 0 0 0 0h 0 E4h 
-204      0 0 0 0 0 0 0 0h 0 E4h 
-203      0 0 0 0 0 0 0 0h 0 E4h 
-202      0 0 0 0 0 0 0 0h 0 E4h 
-201      0 0 0 0 0 0 0 0h 0 E4h 
-200      0 0 0 0 0 0 0 0h 0 E4h 
-199      0 0 0 0 0 0 0 0h 0 E4h 
-198      0 0 0 0 0 0 0 0h 0 E4h 
-197      0 0 0 0 0 0 0 0h 0 E4h 
-196      0 0 0 0 0 0 0 0h 0 E4h 
-195      0 0 0 0 0 0 0 0h 0 E4h 
-194      0 0 0 0 0 0 0 0h 0 E4h 
-193      0 0 0 0 0 0 0 0h 0 E4h 
-192      0 0 0 0 0 0 0 0h 0 E4h 
-191      0 0 0 0 0 0 0 0h 0 E4h 
-190      0 0 0 0 0 0 0 0h 0 E4h 
-189      0 0 0 0 0 0 0 0h 0 E4h 
-188      0 0 0 0 0 0 0 0h 0 E4h 
-187      0 0 0 0 0 0 0 0h 0 E4h 
-186      0 0 0 0 0 0 0 0h 0 E4h 
-185      0 0 0 0 0 0 0 0h 0 E4h 
-184      0 0 0 0 0 0 0 0h 0 E4h 
-183      0 0 0 0 0 0 0 0h 0 E4h 
-182      0 0 0 0 0 0 0 0h 0 E4h 
-181      0 0 0 0 0 0 0 0h 0 E4h 
-180      0 0 0 0 0 0 0 0h 0 E4h 
-179      0 0 0 0 0 0 0 0h 0 E4h 
-178      0 0 0 0 0 0 0 0h 0 E4h 
-177      0 0 0 0 0 0 0 0h 0 E4h 
-176      0 0 0 0 0 0 0 0h 0 E4h 
-175      0 0 0 0 0 0 0 0h 0 E4h 
-174      0 0 0 0 0 0 0 0h 0 E4h 
-173      0 0 0 0 0 0 0 0h 0 E4h 
-172      0 0 0 0 0 0 0 0h 0 E4h 
-171      0 0 0 0 0 0 0 0h 0 E4h 
-170      0 0 0 0 0 0 0 0h 0 E4h 
-169      0 0 0 0 0 0 0 0h 0 E4h 
-168      0 0 0 0 0 0 0 0h 0 E4h 
-167      0 0 0 0 0 0 0 0h 0 E4h 
-166      0 0 0 0 0 0 0 0h 0 E4h 
-165      0 0 0 0 0 0 0 0h 0 E4h 
-164      0 0 0 0 0 0 0 0h 0 E4h 
-163      0 0 0 0 0 0 0 0h 0 E4h 
-162      0 0 0 0 0 0 0 0h 0 E4h 
-161      0 0 0 0 0 0 0 0h 0 E4h 
-160      0 0 0 0 0 0 0 0h 0 E4h 
-159      0 0 0 0 0 0 0 0h 0 E4h 
-158      0 0 0 0 0 0 0 0h 0 E4h 
-157      0 0 0 0 0 0 0 0h 0 E4h 
-156      0 0 0 0 0 0 0 0h 0 E4h 
-155      0 0 0 0 0 0 0 0h 0 E4h 
-154      0 0 0 0 0 0 0 0h 0 E4h 
-153      0 0 0 0 0 0 0 0h 0 E4h 
-152      0 0 0 0 0 0 0 0h 0 E4h 
-151      0 0 0 0 0 0 0 0h 0 E4h 
-150      0 0 0 0 0 0 0 0h 0 E4h 
-149      0 0 0 0 0 0 0 0h 0 E4h 
-148      0 0 0 0 0 0 0 0h 0 E4h 
-147      0 0 0 0 0 0 0 0h 0 E4h 
-146      0 0 0 0 0 0 0 0h 0 E4h 
-145      0 0 0 0 0 0 0 0h 0 E4h 
-144      0 0 0 0 0 0 0 0h 0 E4h 
-143      0 0 0 0 0 0 0 0h 0 E4h 
-142      0 0 0 0 0 0 0 0h 0 E4h 
-141      0 0 0 0 0 0 0 0h 0 E4h 
-140      0 0 0 0 0 0 0 0h 0 E4h 
-139      0 0 0 0 0 0 0 0h 0 E4h 
-138      0 0 0 0 0 0 0 0h 0 E4h 
-137      0 0 0 0 0 0 0 0h 0 E4h 
-136      0 0 0 0 0 0 0 0h 0 E4h 
-135      0 0 0 0 0 0 0 0h 0 E4h 
-134      0 0 0 0 0 0 0 0h 0 E4h 
-133      0 0 0 0 0 0 0 0h 0 E4h 
-132      0 0 0 0 0 0 0 0h 0 E4h 
-131      0 0 0 0 0 0 0 0h 0 E4h 
-130      0 0 0 0 0 0 0 0h 0 E4h 
-129      0 0 0 0 0 0 0 0h 0 E4h 
-128      0 0 0 0 0 0 0 0h 0 E4h 
-127      0 0 0 0 0 0 0 0h 0 E4h 
-126      0 0 0 0 0 0 0 0h 0 E4h 
-125      0 0 0 0 0 0 0 0h 0 E4h 
-124      0 0 0 0 0 0 0 0h 0 E4h 
-123      0 0 0 0 0 0 0 0h 0 E4h 
-122      0 0 0 0 0 0 0 0h 0 E4h 
-121      0 0 0 0 0 0 0 0h 0 E4h 
-120      0 0 0 0 0 0 0 0h 0 E4h 
-119      0 0 0 0 0 0 0 0h 0 E4h 
-118      0 0 0 0 0 0 0 0h 0 E4h 
-117      0 0 0 0 0 0 0 0h 0 E4h 
-116      0 0 0 0 0 0 0 0h 0 E4h 
-115      0 0 0 0 0 0 0 0h 0 E4h 
-114      0 0 0 0 0 0 0 0h 0 E4h 
-113      0 0 0 0 0 0 0 0h 0 E4h 
-112      0 0 0 0 0 0 0 0h 0 E4h 
-111      0 0 0 0 0 0 0 0h 0 E4h 
-110      0 0 0 0 0 0 0 0h 0 E4h 
-109      0 0 0 0 0 0 0 0h 0 E4h 
-108      0 0 0 0 0 0 0 0h 0 E4h 
-107      0 0 0 0 0 0 0 0h 0 E4h 
-106      0 0 0 0 0 0 0 0h 0 E4h 
-105      0 0 0 0 0 0 0 0h 0 E4h 
-104      0 0 0 0 0 0 0 0h 0 E4h 
-103      0 0 0 0 0 0 0 0h 0 E4h 
-102      0 0 0 0 0 0 0 0h 0 E4h 
-101      0 0 0 0 0 0 0 0h 0 E4h 
-100      0 0 0 0 0 0 0 0h 0 E4h 
-99       0 0 0 0 0 0 0 0h 0 E4h 
-98       0 0 0 0 0 0 0 0h 0 E4h 
-97       0 0 0 0 0 0 0 0h 0 E4h 
-96       0 0 0 0 0 0 0 0h 0 E4h 
-95       0 0 0 0 0 0 0 0h 0 E4h 
-94       0 0 0 0 0 0 0 0h 0 E4h 
-93       0 0 0 0 0 0 0 0h 0 E4h 
-92       0 0 0 0 0 0 0 0h 0 E4h 
-91       0 0 0 0 0 0 0 0h 0 E4h 
-90       0 0 0 0 0 0 0 0h 0 E4h 
-89       0 0 0 0 0 0 0 0h 0 E4h 
-88       0 0 0 0 0 0 0 0h 0 E4h 
-87       0 0 0 0 0 0 0 0h 0 E4h 
-86       0 0 0 0 0 0 0 0h 0 E4h 
-85       0 0 0 0 0 0 0 0h 0 E4h 
-84       0 0 0 0 0 0 0 0h 0 E4h 
-83       0 0 0 0 0 0 0 0h 0 E4h 
-82       0 0 0 0 0 0 0 0h 0 E4h 
-81       0 0 0 0 0 0 0 0h 0 E4h 
-80       0 0 0 0 0 0 0 0h 0 E4h 
-79       0 0 0 0 0 0 0 0h 0 E4h 
-78       0 0 0 0 0 0 0 0h 0 E4h 
-77       0 0 0 0 0 0 0 0h 0 E4h 
-76       0 0 0 0 0 0 0 0h 0 E4h 
-75       0 0 0 0 0 0 0 0h 0 E4h 
-74       0 0 0 0 0 0 0 0h 0 E4h 
-73       0 0 0 0 0 0 0 0h 0 E4h 
-72       0 0 0 0 0 0 0 0h 0 E4h 
-71       0 0 0 0 0 0 0 0h 0 E4h 
-70       0 0 0 0 0 0 0 0h 0 E4h 
-69       0 0 0 0 0 0 0 0h 0 E4h 
-68       0 0 0 0 0 0 0 0h 0 E4h 
-67       0 0 0 0 0 0 0 0h 0 E4h 
-66       0 0 0 0 0 0 0 0h 0 E4h 
-65       0 0 0 0 0 0 0 0h 0 E4h 
-64       0 0 0 0 0 0 0 0h 0 E4h 
-63       0 0 0 0 0 0 0 0h 0 E4h 
-62       0 0 0 0 0 0 0 0h 0 E4h 
-61       0 0 0 0 0 0 0 0h 0 E4h 
-60       0 0 0 0 0 0 0 0h 0 E4h 
-59       0 0 0 0 0 0 0 0h 0 E4h 
-58       0 0 0 0 0 0 0 0h 0 E4h 
-57       0 0 0 0 0 0 0 0h 0 E4h 
-56       0 0 0 0 0 0 0 0h 0 E4h 
-55       0 0 0 0 0 0 0 0h 0 E4h 
-54       0 0 0 0 0 0 0 0h 0 E4h 
-53       0 0 0 0 0 0 0 0h 0 E4h 
-52       0 0 0 0 0 0 0 0h 0 E4h 
-51       0 0 0 0 0 0 0 0h 0 E4h 
-50       0 0 0 0 0 0 0 0h 0 E4h 
-49       0 0 0 0 0 0 0 0h 0 E4h 
-48       0 0 0 0 0 0 0 0h 0 E4h 
-47       0 0 0 0 0 0 0 0h 0 E4h 
-46       0 0 0 0 0 0 0 0h 0 E4h 
-45       0 0 0 0 0 0 0 0h 0 E4h 
-44       0 0 0 0 0 0 0 0h 0 E4h 
-43       0 0 0 0 0 0 0 0h 0 E4h 
-42       0 0 0 0 0 0 0 0h 0 E4h 
-41       0 0 0 0 0 0 0 0h 0 E4h 
-40       0 0 0 0 0 0 0 0h 0 E4h 
-39       0 0 0 0 0 0 0 0h 0 E4h 
-38       0 0 0 0 0 0 0 0h 0 E4h 
-37       0 0 0 0 0 0 0 0h 0 E4h 
-36       0 0 0 0 0 0 0 0h 0 E4h 
-35       0 0 0 0 0 0 0 0h 0 E4h 
-34       0 0 0 0 0 0 0 0h 0 E4h 
-33       0 0 0 0 0 0 0 0h 0 E4h 
-32       0 0 0 0 0 0 0 0h 0 E4h 
-31       0 0 0 0 0 0 0 0h 0 E4h 
-30       0 0 0 0 0 0 0 0h 0 E4h 
-29       0 0 0 0 0 0 0 0h 0 E4h 
-28       0 0 0 0 0 0 0 0h 0 E4h 
-27       0 0 0 0 0 0 0 0h 0 E4h 
-26       0 0 0 0 0 0 0 0h 0 E4h 
-25       0 0 0 0 0 0 0 0h 0 E4h 
-24       0 0 0 0 0 0 0 0h 0 E4h 
-23       0 0 0 0 0 0 0 0h 0 E4h 
-22       0 0 0 0 0 0 0 0h 0 E4h 
-21       0 0 0 0 0 0 0 0h 0 E4h 
-20       0 0 0 0 0 0 0 0h 0 E4h 
-19       0 0 0 0 0 0 0 0h 0 E4h 
-18       0 0 0 0 0 0 0 0h 0 E4h 
-17       0 0 0 0 0 0 0 0h 0 E4h 
-16       0 0 0 0 0 0 0 0h 0 E4h 
-15       0 0 0 0 0 0 0 0h 0 E4h 
-14       0 0 0 0 0 0 0 0h 0 E4h 
-13       0 0 0 0 0 0 0 0h 0 E4h 
-12       0 0 0 0 0 0 0 0h 0 E4h 
-11       0 0 0 0 0 0 0 0h 0 E4h 
-10       0 0 0 0 0 0 0 0h 0 E4h 
-9        0 0 0 0 0 0 0 0h 0 E4h 
-8        0 0 0 0 0 0 0 0h 0 E4h 
-7        0 0 0 0 0 0 0 0h 0 E4h 
-6        0 0 0 0 0 0 0 0h 0 E4h 
-5        0 0 0 0 0 0 0 0h 0 E4h 
-4        0 0 0 0 0 0 0 0h 0 E4h 
-3        0 0 0 0 0 0 0 0h 0 E4h 
-2        0 0 0 0 0 0 0 0h 0 E4h 
-1        0 0 0 0 0 0 0 0h 0 E4h 
0         0 1 0 1 0 0 0 0h 0 E4h 
1         0 0 0 0 0 0 0 0h 0 E4h 
2         0 0 0 0 0 0 0 0h 0 E4h 
3         0 0 0 0 0 0 0 0h 0 E4h 
4         0 0 0 0 0 0 0 0h 0 E4h 
5         0 0 0 0 0 0 0 0h 0 E4h 
6         0 0 0 0 0 0 0 0h 0 E4h 
7         0 0 0 0 0 0 0 0h 0 E4h 
8         0 0 0 0 0 0 0 0h 0 E4h 
9         0 0 0 0 0 0 0 0h 0 E4h 
10        0 0 0 0 0 0 0 0h 0 E4h 
11        0 0 0 0 0 0 0 0h 0 E4h 
12        0 0 0 0 0 0 0 0h 0 E4h 
13        0 0 0 0 0 0 0 0h 0 E4h 
14        0 0 0 0 0 0 0 0h 0 E4h 
15        0 0 0 0 0 0 0 0h 0 E4h 
16        0 0 0 0 0 0 0 0h 0 E4h 
17        0 0 0 0 0 0 0 0h 0 E4h 
18        0 0 0 0 0 0 0 0h 0 E4h 
19        0 0 0 0 0 0 0 0h 0 E4h 
20        0 0 0 0 0 0 0 0h 0 E4h 
21        0 0 0 0 0 0 0 0h 0 E4h 
22        0 0 0 0 0 0 0 0h 0 E4h 
23        0 0 0 0 0 0 0 0h 0 E4h 
24        0 0 0 0 0 0 0 0h 0 E4h 
25        0 0 0 0 0 0 0 0h 0 E4h 
26        0 0 0 0 0 0 0 0h 0 E4h 
27        0 0 0 0 0 0 0 0h 0 E4h 
28        0 0 0 0 0 0 0 0h 0 E4h 
29        0 0 0 0 0 0 0 0h 0 E4h 
30        0 0 0 0 0 0 0 0h 0 E4h 
31        0 0 0 0 0 0 0 0h 0 E4h 
32        0 0 0 0 0 0 0 0h 0 E4h 
33        0 0 0 0 0 0 0 0h 0 E4h 
34        0 0 0 0 0 0 0 0h 0 E4h 
35        0 0 0 0 0 0 0 0h 0 E4h 
36        0 0 0 0 0 0 0 0h 0 E4h 
37        0 0 0 0 0 0 0 0h 0 E4h 
38        0 0 0 0 0 0 0 0h 0 E4h 
39        0 0 0 0 0 0 0 0h 0 E4h 
40        0 0 0 0 0 0 0 0h 0 E4h 
41        0 0 0 0 0 0 0 0h 0 E4h 
42        0 0 0 0 0 0 0 0h 0 E4h 
43        0 0 0 0 0 0 0 0h 0 E4h 
44        0 0 0 0 0 0 0 0h 0 E4h 
45        0 0 0 0 0 0 0 0h 0 E4h 
46        0 0 0 0 0 0 0 0h 0 E4h 
47        0 0 0 0 0 0 0 0h 0 E4h 
48        0 0 0 0 0 0 0 0h 0 E4h 
49        0 0 0 0 0 0 0 0h 0 E4h 
50        0 0 0 0 0 0 0 0h 0 E4h 
51        0 0 0 0 0 0 0 0h 0 E4h 
52        0 0 0 0 0 0 0 0h 0 E4h 
53        0 0 0 0 0 0 0 0h 0 E4h 
54        0 0 0 0 0 0 0 0h 0 E4h 
55        0 0 0 0 0 0 0 0h 0 E4h 
56        0 0 0 0 0 0 0 0h 0 E4h 
57        0 0 0 0 0 0 0 0h 0 E4h 
58        0 0 0 0 0 0 0 0h 0 E4h 
59        0 0 0 0 0 0 0 0h 0 E4h 
60        0 0 0 0 0 0 0 0h 0 E4h 
61        0 0 0 0 0 0 0 0h 0 E4h 
62        0 0 0 0 0 0 0 0h 0 E4h 
63        0 0 0 0 0 0 0 0h 0 E4h 
64        0 0 0 0 0 0 0 0h 0 E4h 
65        0 0 0 0 0 0 0 0h 0 E4h 
66        0 0 0 0 0 0 0 0h 0 E4h 
67        0 0 0 0 0 0 0 0h 0 E4h 
68        0 0 0 0 0 0 0 0h 0 E4h 
69        0 0 0 0 0 0 0 0h 0 E4h 
70        0 0 0 0 0 0 0 0h 0 E4h 
71        0 0 0 0 0 0 0 0h 0 E4h 
72        0 0 0 0 0 0 0 0h 0 E4h 
73        0 0 0 0 0 0 0 0h 0 E4h 
74        0 0 0 0 0 0 0 0h 0 E4h 
75        0 0 0 0 0 0 0 0h 0 E4h 
76        0 0 0 0 0 0 0 0h 0 E4h 
77        0 0 0 0 0 0 0 0h 0 E4h 
78        0 0 0 0 0 0 0 0h 0 E4h 
79        0 0 0 0 0 0 0 0h 0 E4h 
80        0 0 0 0 0 0 0 0h 0 E4h 
81        0 0 0 0 0 0 0 0h 0 E4h 
82        0 0 0 0 0 0 0 0h 0 E4h 
83        0 0 0 0 0 0 0 0h 0 E4h 
84        0 0 0 0 0 0 0 0h 0 E4h 
85        0 0 0 0 0 0 0 0h 0 E4h 
86        0 0 0 0 0 0 0 0h 0 E4h 
87        0 0 0 0 0 0 0 0h 0 E4h 
88        0 0 0 0 0 0 0 0h 0 E4h 
89        0 0 0 0 0 0 0 0h 0 E4h 
90        0 0 0 0 0 0 0 0h 0 E4h 
91        0 0 0 0 0 0 0 0h 0 E4h 
92        0 0 0 0 0 0 0 0h 0 E4h 
93        0 0 0 0 0 0 0 0h 0 E4h 
94        1 1 1 1 0 0 0 0h 0 E4h 
95        1 0 1 0 0 0 0 0h 0 E4h 
96        1 0 1 0 0 0 0 0h 0 E4h 
97        1 0 1 0 0 0 0 0h 0 E4h 
98        1 0 1 0 0 0 0 0h 0 E4h 
99        1 0 1 0 0 0 0 0h 0 E4h 
100       1 0 1 0 0 0 0 0h 0 E4h 
101       1 0 1 0 0 0 0 0h 0 E4h 
102       1 0 1 0 0 0 0 0h 0 E4h 
103       1 0 1 0 0 0 0 0h 0 E4h 
104       1 0 1 0 0 0 0 0h 0 E4h 
105       1 0 1 0 0 0 0 0h 0 E4h 
106       1 0 1 0 0 0 0 0h 0 E4h 
107       1 0 1 0 0 0 0 0h 0 E4h 
108       1 0 1 0 0 0 0 0h 0 E4h 
109       1 0 1 0 0 0 0 0h 0 E4h 
110       1 0 1 0 0 0 0 0h 0 E4h 
111       1 0 1 0 0 0 0 0h 0 E4h 
112       1 0 1 0 0 0 0 0h 0 E4h 
113       1 0 1 0 0 0 0 0h 0 E4h 
114       1 0 1 0 0 0 0 0h 0 E4h 
115       1 0 1 0 0 0 0 0h 0 E4h 
116       1 0 1 0 0 0 0 0h 0 E4h 
117       1 0 1 0 0 0 0 0h 0 E4h 
118       1 0 1 0 0 0 0 0h 0 E4h 
119       1 0 1 0 0 0 0 0h 0 E4h 
120       1 0 1 0 0 0 0 0h 0 E4h 
121       1 0 1 0 0 0 0 0h 0 E4h 
122       1 0 1 0 0 0 0 0h 0 E4h 
123       1 0 1 0 0 0 0 0h 0 E4h 
124       1 0 1 0 0 0 0 0h 0 E4h 
125       1 0 1 0 0 0 0 0h 0 E4h 
126       1 0 1 0 0 0 0 0h 0 E4h 
127       1 0 1 0 0 0 0 0h 0 E4h 
128       1 0 1 0 0 0 0 0h 0 E4h 
129       1 0 1 0 0 0 0 0h 0 E4h 
130       1 0 1 0 0 0 0 0h 0 E4h 
131       1 0 1 0 0 0 0 0h 0 E4h 
132       1 0 1 0 0 0 0 0h 0 E4h 
133       1 0 1 0 0 0 0 0h 0 E4h 
134       1 0 1 0 0 0 0 0h 0 E4h 
135       1 0 1 0 0 0 0 0h 0 E4h 
136       1 0 1 0 0 0 0 0h 0 E4h 
137       1 0 1 0 0 0 0 0h 0 E4h 
138       1 0 1 0 0 0 0 0h 0 E4h 
139       1 0 1 0 0 0 0 0h 0 E4h 
140       1 0 1 0 0 0 0 0h 0 E4h 
141       1 0 1 0 0 0 0 0h 0 E4h 
142       1 0 1 0 0 0 0 0h 0 E4h 
143       1 0 1 0 0 0 0 0h 0 E4h 
144       1 0 1 0 0 0 0 0h 0 E4h 
145       1 0 1 0 0 0 0 0h 0 E4h 
146       1 0 1 0 0 0 0 0h 0 E4h 
147       1 0 1 0 0 0 0 0h 0 E4h 
148       1 0 1 0 0 0 0 0h 0 E4h 
149       1 0 1 0 0 0 0 0h 0 E4h 
150       1 0 1 0 0 0 0 0h 0 E4h 
151       1 0 1 0 0 0 0 0h 0 E4h 
152       1 0 1 0 0 0 0 0h 0 E4h 
153       1 0 1 0 0 0 0 0h 0 E4h 
154       1 0 1 0 0 0 0 0h 0 E4h 
155       1 0 1 0 0 0 0 0h 0 E4h 
156       1 0 1 0 0 0 0 0h 0 E4h 
157       1 0 1 0 0 0 0 0h 0 E4h 
158       1 0 1 0 0 0 0 0h 0 E4h 
159       1 0 1 0 0 0 0 0h 0 E4h 
160       1 0 1 0 0 0 0 0h 0 E4h 
161       1 0 1 0 0 0 0 0h 0 E4h 
162       1 0 1 0 0 0 0 0h 0 E4h 
163       1 0 1 0 0 0 0 0h 0 E4h 
164       1 0 1 0 0 0 0 0h 0 E4h 
165       1 0 1 0 0 0 0 0h 0 E4h 
166       1 0 1 0 0 0 0 0h 0 E4h 
167       1 0 1 0 0 0 0 0h 0 E4h 
168       1 0 1 0 0 0 0 0h 0 E4h 
169       1 0 1 0 0 0 0 0h 0 E4h 
170       1 0 1 0 0 0 0 0h 0 E4h 
171       1 0 1 0 0 0 0 0h 0 E4h 
172       1 0 1 0 0 0 0 0h 0 E4h 
173       1 0 1 0 0 0 0 0h 0 E4h 
174       1 0 1 0 0 0 0 0h 0 E4h 
175       1 0 1 0 0 0 0 0h 0 E4h 
176       1 0 1 0 0 0 0 0h 0 E4h 
177       1 0 1 0 0 0 0 0h 0 E4h 
178       1 0 1 0 0 0 0 0h 0 E4h 
179       1 0 1 0 0 0 0 0h 0 E4h 
180       1 0 1 0 0 0 0 0h 0 E4h 
181       1 0 1 0 0 0 0 0h 0 E4h 
182       1 0 1 0 0 0 0 0h 0 E4h 
183       1 0 1 0 0 0 0 0h 0 E4h 
184       1 0 1 0 0 0 0 0h 0 E4h 
185       1 0 1 0 0 0 0 0h 0 E4h 
186       1 0 1 0 0 0 0 0h 0 E4h 
187       1 0 1 0 0 0 0 0h 0 E4h 
188       1 0 1 0 0 0 0 0h 0 E4h 
189       1 0 1 0 0 0 0 0h 0 E4h 
190       1 0 1 0 0 0 0 0h 0 E4h 
191       1 0 1 0 0 0 0 0h 0 E4h 
192       1 0 1 0 0 0 0 0h 0 E4h 
193       1 0 1 0 0 0 0 0h 0 E4h 
194       1 0 1 0 0 0 0 0h 0 E4h 
195       1 0 1 0 0 0 0 0h 0 E4h 
196       1 0 1 0 0 0 0 0h 0 E4h 
197       1 0 1 0 0 0 0 0h 0 E4h 
198       1 0 1 0 0 0 0 0h 0 E4h 
199       1 0 1 0 0 0 0 0h 0 E4h 
200       1 0 1 0 0 0 0 0h 0 E4h 
201       1 0 1 0 0 0 0 0h 0 E4h 
202       1 0 1 0 0 0 0 0h 0 E4h 
203       1 0 1 0 0 0 0 0h 0 E4h 
204       1 0 1 0 0 0 0 0h 0 E4h 
205       1 0 1 0 0 0 0 0h 0 E4h 
206       1 0 1 0 0 0 0 0h 0 E4h 
207       1 0 1 0 0 0 0 0h 0 E4h 
208       1 0 1 0 0 0 0 0h 0 E4h 
209       1 0 1 0 0 0 0 0h 0 E4h 
210       1 0 1 0 0 0 0 0h 0 E4h 
211       1 0 1 0 0 0 0 0h 0 E4h 
212       1 0 1 0 0 0 0 0h 0 E4h 
213       1 0 1 0 0 0 0 0h 0 E4h 
214       1 0 1 0 0 0 0 0h 0 E4h 
215       1 0 1 0 0 0 0 0h 0 E4h 
216       1 0 1 0 0 0 0 0h 0 E4h 
217       1 0 1 0 0 0 0 0h 0 E4h 
218       1 0 1 0 0 0 0 0h 0 E4h 
219       1 0 1 0 0 0 0 0h 0 E4h 
220       1 0 1 0 0 0 0 0h 0 E4h 
221       1 0 1 0 0 0 0 0h 0 E4h 
222       1 0 1 0 0 0 0 0h 0 E4h 
223       1 0 1 0 0 0 0 0h 0 E4h 
224       1 0 1 0 0 0 0 0h 0 E4h 
225       1 0 1 0 0 0 0 0h 0 E4h 
226       1 0 1 0 0 0 0 0h 0 E4h 
227       1 0 1 0 0 0 0 0h 0 E4h 
228       1 0 1 0 0 0 0 0h 0 E4h 
229       1 0 1 0 0 0 0 0h 0 E4h 
230       1 0 1 0 0 0 0 0h 0 E4h 
231       1 0 1 0 0 0 0 0h 0 E4h 
232       1 0 1 0 0 0 0 0h 0 E4h 
233       1 0 1 0 0 0 0 0h 0 E4h 
234       1 0 1 0 0 0 0 0h 0 E4h 
235       1 0 1 0 0 0 0 0h 0 E4h 
236       1 0 1 0 0 0 0 0h 0 E4h 
237       1 0 1 0 0 0 0 0h 0 E4h 
238       1 0 1 0 0 0 0 0h 0 E4h 
239       1 0 1 0 0 0 0 0h 0 E4h 
240       1 0 1 0 0 0 0 0h 0 E4h 
241       1 0 1 0 0 0 0 0h 0 E4h 
242       1 0 1 0 0 0 0 0h 0 E4h 
243       1 0 1 0 0 0 0 0h 0 E4h 
244       1 0 1 0 0 0 0 0h 0 E4h 
245       1 0 1 0 0 0 0 0h 0 E4h 
246       1 0 1 0 0 0 0 0h 0 E4h 
247       1 0 1 0 0 0 0 0h 0 E4h 
248       1 0 1 0 0 0 0 0h 0 E4h 
249       1 0 1 0 0 0 0 0h 0 E4h 
250       1 0 1 0 0 0 0 0h 0 E4h 
251       1 0 1 0 0 0 0 0h 0 E4h 
252       1 0 1 0 0 0 0 0h 0 E4h 
253       1 0 1 0 0 0 0 0h 0 E4h 
254       1 0 1 0 0 0 0 0h 0 E4h 
255       1 0 1 0 0 0 0 0h 0 E4h 
256       1 0 1 0 0 0 0 0h 0 E4h 
257       1 0 1 0 0 0 0 0h 0 E4h 
258       1 0 1 0 0 0 0 0h 0 E4h 
259       1 0 1 0 0 0 0 0h 0 E4h 
260       1 0 1 0 0 0 0 0h 0 E4h 
261       1 0 1 0 0 0 0 0h 0 E4h 
262       1 0 1 0 0 0 0 0h 0 E4h 
263       1 0 1 0 0 0 0 0h 0 E4h 
264       1 0 1 0 0 0 0 0h 0 E4h 
265       1 0 1 0 0 0 0 0h 0 E4h 
266       1 0 1 0 0 0 0 0h 0 E4h 
267       1 0 1 0 0 0 0 0h 0 E4h 
268       1 0 1 0 0 0 0 0h 0 E4h 
269       1 0 1 0 0 0 0 0h 0 E4h 
270       1 0 1 0 0 0 0 0h 0 E4h 
271       1 0 1 0 0 0 0 0h 0 E4h 
272       1 0 1 0 0 0 0 0h 0 E4h 
273       1 0 1 0 0 0 0 0h 0 E4h 
274       1 0 1 0 0 0 0 0h 0 E4h 
275       1 0 1 0 0 0 0 0h 0 E4h 
276       1 0 1 0 0 0 0 0h 0 E4h 
277       1 0 1 0 0 0 0 0h 0 E4h 
278       1 0 1 0 0 0 0 0h 0 E4h 
279       1 0 1 0 0 0 0 0h 0 E4h 
280       1 0 1 0 0 0 0 0h 0 E4h 
281       1 0 1 0 0 0 0 0h 0 E4h 
282       1 0 1 0 0 0 0 0h 0 E4h 
283       1 0 1 0 0 0 0 0h 0 E4h 
284       1 0 1 0 0 0 0 0h 0 E4h 
285       1 0 1 0 0 0 0 0h 0 E4h 
286       1 0 1 0 0 0 0 0h 0 E4h 
287       1 0 1 0 0 0 0 0h 0 E4h 
288       1 0 1 0 0 0 0 0h 0 E4h 
289       1 0 1 0 0 0 0 0h 0 E4h 
290       1 0 1 0 0 0 0 0h 0 E4h 
291       1 0 1 0 0 0 0 0h 0 E4h 
292       1 0 1 0 0 0 0 0h 0 E4h 
293       1 0 1 0 0 0 0 0h 0 E4h 
294       1 0 1 0 0 0 0 0h 0 E4h 
295       1 0 1 0 0 0 0 0h 0 E4h 
296       1 0 1 0 0 0 0 0h 0 E4h 
297       1 0 1 0 0 0 0 0h 0 E4h 
298       1 0 1 0 0 0 0 0h 0 E4h 
299       1 0 1 0 0 0 0 0h 0 E4h 
300       1 0 1 0 0 0 0 0h 0 E4h 
301       1 0 1 0 0 0 0 0h 0 E4h 
302       1 0 1 0 0 0 0 0h 0 E4h 
303       1 0 1 0 0 0 0 0h 0 E4h 
304       1 0 1 0 0 0 0 0h 0 E4h 
305       1 0 1 0 0 0 0 0h 0 E4h 
306       1 0 1 0 0 0 0 0h 0 E4h 
307       1 0 1 0 0 0 0 0h 0 E4h 
308       1 0 1 0 0 0 0 0h 0 E4h 
309       1 0 1 0 0 0 0 0h 0 E4h 
310       1 0 1 0 0 0 0 0h 0 E4h 
311       1 0 1 0 0 0 0 0h 0 E4h 
312       1 0 1 0 0 0 0 0h 0 E4h 
313       1 0 1 0 0 0 0 0h 0 E4h 
314       1 0 1 0 0 0 0 0h 0 E4h 
315       1 0 1 0 0 0 0 0h 0 E4h 
316       1 0 1 0 0 0 0 0h 0 E4h 
317       1 0 1 0 0 0 0 0h 0 E4h 
318       1 0 1 0 0 0 0 0h 0 E4h 
319       1 0 1 0 0 0 0 0h 0 E4h 
320       1 0 1 0 0 0 0 0h 0 E4h 
321       1 0 1 0 0 0 0 0h 0 E4h 
322       1 0 1 0 0 0 0 0h 0 E4h 
323       1 0 1 0 0 0 0 0h 0 E4h 
324       1 0 1 0 0 0 0 0h 0 E4h 
325       1 0 1 0 0 0 0 0h 0 E4h 
326       1 0 1 0 0 0 0 0h 0 E4h 
327       1 0 1 0 0 0 0 0h 0 E4h 
328       1 0 1 0 0 0 0 0h 0 E4h 
329       1 0 1 0 0 0 0 0h 0 E4h 
330       1 0 1 0 0 0 0 0h 0 E4h 
331       1 0 1 0 0 0 0 0h 0 E4h 
332       1 0 1 0 0 0 0 0h 0 E4h 
333       1 0 1 0 0 0 0 0h 0 E4h 
334       1 0 1 0 0 0 0 0h 0 E4h 
335       1 0 1 0 0 0 0 0h 0 E4h 
336       1 0 1 0 0 0 0 0h 0 E4h 
337       1 0 1 0 0 0 0 0h 0 E4h 
338       1 0 1 0 0 0 0 0h 0 E4h 
339       1 0 1 0 0 0 0 0h 0 E4h 
340       1 0 1 0 0 0 0 0h 0 E4h 
341       1 0 1 0 0 0 0 0h 0 E4h 
342       1 0 1 0 0 0 0 0h 0 E4h 
343       1 0 1 0 0 0 0 0h 0 E4h 
344       1 0 1 0 0 0 0 0h 0 E4h 
345       1 0 1 0 0 0 0 0h 0 E4h 
346       1 0 1 0 0 0 0 0h 0 E4h 
347       1 0 1 0 0 0 0 0h 0 E4h 
348       1 0 1 0 0 0 0 0h 0 E4h 
349       1 0 1 0 0 0 0 0h 0 E4h 
350       1 0 1 0 0 0 0 0h 0 E4h 
351       1 0 1 0 0 0 0 0h 0 E4h 
352       1 0 1 0 0 0 0 0h 0 E4h 
353       1 0 1 0 0 0 0 0h 0 E4h 
354       1 0 1 0 0 0 0 0h 0 E4h 
355       1 0 1 0 0 0 0 0h 0 E4h 
356       1 0 1 0 0 0 0 0h 0 E4h 
357       1 0 1 0 0 0 0 0h 0 E4h 
358       1 0 1 0 0 0 0 0h 0 E4h 
359       1 0 1 0 0 0 0 0h 0 E4h 
360       1 0 1 0 0 0 0 0h 0 E4h 
361       1 0 1 0 0 0 0 0h 0 E4h 
362       1 0 1 0 0 0 0 0h 0 E4h 
363       1 0 1 0 0 0 0 0h 0 E4h 
364       1 0 1 0 0 0 0 0h 0 E4h 
365       1 0 1 0 0 0 0 0h 0 E4h 
366       1 0 1 0 0 0 0 0h 0 E4h 
367       1 0 1 0 0 0 0 0h 0 E4h 
368       1 0 1 0 0 0 0 0h 0 E4h 
369       1 0 1 0 0 0 0 0h 0 E4h 
370       1 0 1 0 0 0 0 0h 0 E4h 
371       1 0 1 0 0 0 0 0h 0 E4h 
372       1 0 1 0 0 0 0 0h 0 E4h 
373       1 0 1 0 0 0 0 0h 0 E4h 
374       1 0 1 0 0 0 0 0h 0 E4h 
375       1 0 1 0 0 0 0 0h 0 E4h 
376       1 0 1 0 0 0 0 0h 0 E4h 
377       1 0 1 0 0 0 0 0h 0 E4h 
378       1 0 1 0 0 0 0 0h 0 E4h 
379       1 0 1 0 0 0 0 0h 0 E4h 
380       1 0 1 0 0 0 0 0h 0 E4h 
381       1 0 1 0 0 0 0 0h 0 E4h 
382       1 0 1 0 0 0 0 0h 0 E4h 
383       1 0 1 0 0 0 0 0h 0 E4h 
384       1 0 1 0 0 0 0 0h 0 E4h 
385       1 0 1 0 0 0 0 0h 0 E4h 
386       1 0 1 0 0 0 0 0h 0 E4h 
387       1 0 1 0 0 0 0 0h 0 E4h 
388       1 0 1 0 0 0 0 0h 0 E4h 
389       1 0 1 0 0 0 0 0h 0 E4h 
390       1 0 1 0 0 0 0 0h 0 E4h 
391       1 0 1 0 0 0 0 0h 0 E4h 
392       1 0 1 0 0 0 0 0h 0 E4h 
393       1 0 1 0 0 0 0 0h 0 E4h 
394       1 0 1 0 0 0 0 0h 0 E4h 
395       1 0 1 0 0 0 0 0h 0 E4h 
396       1 0 1 0 0 0 0 0h 0 E4h 
397       1 0 1 0 0 0 0 0h 0 E4h 
398       1 0 1 0 0 0 0 0h 0 E4h 
399       1 0 1 0 0 0 0 0h 0 E4h 
400       1 0 1 0 0 0 0 0h 0 E4h 
401       1 0 1 0 0 0 0 0h 0 E4h 
402       1 0 1 0 0 0 0 0h 0 E4h 
403       1 0 1 0 0 0 0 0h 0 E4h 
404       1 0 1 0 0 0 0 0h 0 E4h 
405       1 0 1 0 0 0 0 0h 0 E4h 
406       1 0 1 0 0 0 0 0h 0 E4h 
407       1 0 1 0 0 0 0 0h 0 E4h 
408       1 0 1 0 0 0 0 0h 0 E4h 
409       1 0 1 0 0 0 0 0h 0 E4h 
410       1 0 1 0 0 0 0 0h 0 E4h 
411       1 0 1 0 0 0 0 0h 0 E4h 
412       1 0 1 0 0 0 0 0h 0 E4h 
413       1 0 1 0 0 0 0 0h 0 E4h 
414       1 0 1 0 0 0 0 0h 0 E4h 
415       1 0 1 0 0 0 0 0h 0 E4h 
416       1 0 1 0 0 0 0 0h 0 E4h 
417       1 0 1 0 0 0 0 0h 0 E4h 
418       1 0 1 0 0 0 0 0h 0 E4h 
419       1 0 1 0 0 0 0 0h 0 E4h 
420       1 0 1 0 0 0 0 0h 0 E4h 
421       1 0 1 0 0 0 0 0h 0 E4h 
422       1 0 1 0 0 0 0 0h 0 E4h 
423       1 0 1 0 0 0 0 0h 0 E4h 
424       1 0 1 0 0 0 0 0h 0 E4h 
425       1 0 1 0 0 0 0 0h 0 E4h 
426       1 0 1 0 0 0 0 0h 0 E4h 
427       1 0 1 0 0 0 0 0h 0 E4h 
428       1 0 1 0 0 0 0 0h 0 E4h 
429       1 0 1 0 0 0 0 0h 0 E4h 
430       1 0 1 0 0 0 0 0h 0 E4h 
431       1 0 1 0 0 0 0 0h 0 E4h 
432       1 0 1 0 0 0 0 0h 0 E4h 
433       1 0 1 0 0 0 0 0h 0 E4h 
434       1 0 1 0 0 0 0 0h 0 E4h 
435       1 0 1 0 0 0 0 0h 0 E4h 
436       1 0 1 0 0 0 0 0h 0 E4h 
437       1 0 1 0 0 0 0 0h 0 E4h 
438       1 0 1 0 0 0 0 0h 0 E4h 
439       1 0 1 0 0 0 0 0h 0 E4h 
440       1 0 1 0 0 0 0 0h 0 E4h 
441       1 0 1 0 0 0 0 0h 0 E4h 
442       1 0 1 0 0 0 0 0h 0 E4h 
443       1 0 1 0 0 0 0 0h 0 E4h 
444       1 0 1 0 0 0 0 0h 0 E4h 
445       1 0 1 0 0 0 0 0h 0 E4h 
446       1 0 1 0 0 0 0 0h 0 E4h 
447       1 0 1 0 0 0 0 0h 0 E4h 
448       1 0 1 0 0 0 0 0h 0 E4h 
449       1 0 1 0 0 0 0 0h 0 E4h 
450       1 0 1 0 0 0 0 0h 0 E4h 
451       1 0 1 0 0 0 0 0h 0 E4h 
452       1 0 1 0 0 0 0 0h 0 E4h 
453       1 0 1 0 0 0 0 0h 0 E4h 
454       1 0 1 0 0 0 0 0h 0 E4h 
455       1 0 1 0 0 0 0 0h 0 E4h 
456       1 0 1 0 0 0 0 0h 0 E4h 
457       1 0 1 0 0 0 0 0h 0 E4h 
458       1 0 1 0 0 0 0 0h 0 E4h 
459       1 0 1 0 0 0 0 0h 0 E4h 
460       1 0 1 0 0 0 0 0h 0 E4h 
461       1 0 1 0 0 0 0 0h 0 E4h 
462       1 0 1 0 0 0 0 0h 0 E4h 
463       1 0 1 0 0 0 0 0h 0 E4h 
464       1 0 1 0 0 0 0 0h 0 E4h 
465       1 0 1 0 0 0 0 0h 0 E4h 
466       1 0 1 0 0 0 0 0h 0 E4h 
467       1 0 1 0 0 0 0 0h 0 E4h 
468       1 0 1 0 0 0 0 0h 0 E4h 
469       1 0 1 0 0 0 0 0h 0 E4h 
470       0 1 0 1 0 0 0 0h 0 E4h 
471       0 0 0 0 1 0 1 1h 0 E4h 
472       1 1 1 1 1 0 0 1h 1 E4h 
473       1 1 1 1 1 0 0 1h 0 E4h 
474       0 1 0 1 1 0 1 1h 0 E4h 
475       1 1 1 1 1 0 0 1h 1 E4h 
476       1 0 1 0 1 1 1 3h 0 E4h 
477       0 1 0 1 1 1 0 3h 1 54h 
478       0 1 0 1 1 1 0 3h 0 54h 
479       1 1 1 1 1 1 1 3h 0 54h 
480       0 1 0 1 1 1 0 3h 1 54h 
481       0 1 0 1 1 0 1 1h 0 54h 
482       1 1 1 1 1 0 0 1h 1 E4h 
483       0 1 0 1 0 0 1 0h 0 E4h 
484       0 1 0 1 0 0 0 0h 1 ACh 
485       0 1 0 1 1 1 1 3h 0 ACh 
486       0 0 0 0 1 1 0 3h 1 54h 
487       0 1 0 1 1 1 0 3h 0 54h 
488       0 0 0 0 0 0 1 0h 0 54h 
489       0 1 0 1 0 0 0 0h 1 ACh 
490       1 1 1 1 0 0 0 0h 0 ACh 
491       1 1 1 1 0 0 1 0h 0 ACh 
492       0 1 0 1 0 0 0 0h 1 ACh 
493       0 1 0 1 0 1 1 2h 0 ACh 
494       1 1 1 1 0 1 0 2h 1 1Ch 
495       1 1 1 1 0 0 1 0h 0 1Ch 
496       0 1 0 1 0 0 0 0h 1 ACh 
497       1 1 1 1 0 1 1 2h 0 ACh 
498       0 1 0 1 0 1 0 2h 1 1Ch 
499       1 1 1 1 1 0 1 1h 0 1Ch 
500       1 1 1 1 1 0 0 1h 1 E4h 
501       0 1 0 1 1 0 1 1h 0 E4h 
502       0 1 0 1 1 0 0 1h 1 E4h 
503       0 1 0 1 1 1 1 3h 0 E4h 
504       0 1 0 1 1 1 0 3h 1 54h 
505       0 1 0 1 0 0 1 0h 0 54h 
506       1 1 1 1 0 0 0 0h 1 ACh 
507       0 1 0 1 0 0 1 0h 0 ACh 
508       0 1 0 1 0 0 0 0h 1 ACh 
509       0 1 0 1 1 1 1 3h 0 ACh 
510       0 0 0 0 1 1 0 3h 1 54h 
511       0 1 0 1 1 1 0 3h 0 54h 
512       0 1 0 1 0 0 1 0h 0 54h 
513       0 1 0 1 0 0 0 0h 1 ACh 
514       1 1 1 1 0 0 1 0h 0 ACh 
515       0 1 0 1 0 0 0 0h 1 ACh 
516       0 1 0 1 1 0 1 1h 0 ACh 
517       0 1 0 1 1 0 0 1h 1 E4h 
518       0 1 0 1 0 0 1 0h 0 E4h 
519       1 1 1 1 0 0 0 0h 1 ACh 
520       1 1 1 1 0 0 1 0h 0 ACh 
521       0 1 0 1 0 0 0 0h 1 ACh 
522       1 1 1 1 0 1 1 2h 0 ACh 
523       0 1 0 1 0 1 0 2h 1 1Ch 
524       1 1 1 1 1 0 1 1h 0 1Ch 
525       0 1 0 1 1 0 0 1h 1 E4h 
526       0 1 0 1 1 0 1 1h 0 E4h 
527       1 1 1 1 1 0 0 1h 1 E4h 
528       1 1 1 1 0 0 1 0h 0 E4h 
529       0 1 0 1 0 0 0 0h 1 ACh 
530       0 1 0 1 0 1 1 2h 0 ACh 
531       1 1 1 1 0 1 0 2h 1 1Ch 
532       1 1 1 1 0 0 1 0h 0 1Ch 
533       0 1 0 1 0 0 0 0h 1 ACh 
534       0 1 0 1 0 1 1 2h 0 ACh 
535       1 1 1 1 0 1 0 2h 1 1Ch 
536       0 1 0 1 0 0 1 0h 0 1Ch 
537       0 1 0 1 0 0 0 0h 1 ACh 
538       1 1 1 1 1 1 1 3h 0 ACh 
539       0 1 0 1 1 1 0 3h 1 54h 
540       0 1 0 1 1 0 1 1h 0 54h 
541       0 1 0 1 1 0 0 1h 1 E4h 
542       1 1 1 1 0 0 1 0h 0 E4h 
543       0 1 0 1 0 0 0 0h 1 ACh 
544       0 1 0 1 1 0 1 1h 0 ACh 
545       1 1 1 1 1 0 0 1h 1 E4h 
546       0 1 0 1 0 0 1 0h 0 E4h 
547       1 1 1 1 0 0 0 0h 1 ACh 
548       1 1 1 1 1 1 1 3h 0 ACh 
549       0 1 0 1 1 1 0 3h 1 54h 
550       0 1 0 1 0 1 1 2h 0 54h 
551       1 1 1 1 0 1 0 2h 1 1Ch 
552       1 1 1 1 0 0 1 0h 0 1Ch 
553       1 1 1 1 0 0 0 0h 1 ACh 
554       0 1 0 1 0 1 1 2h 0 ACh 
555       0 1 0 1 0 1 0 2h 1 1Ch 
556       1 1 1 1 1 1 1 3h 0 1Ch 
557       0 1 0 1 1 1 0 3h 1 54h 
558       1 1 1 1 1 0 1 1h 0 54h 
559       0 1 0 1 1 0 0 1h 1 E4h 
560       1 1 1 1 1 0 1 1h 0 E4h 
561       0 1 0 1 1 0 0 1h 1 E4h 
562       1 1 1 1 1 0 1 1h 0 E4h 
563       0 1 0 1 1 0 0 1h 1 E4h 
564       0 1 0 1 1 0 1 1h 0 E4h 
565       0 1 0 1 1 0 0 1h 1 E4h 
566       0 1 0 1 0 0 1 0h 0 E4h 
567       0 1 0 1 0 0 0 0h 1 ACh 
568       0 1 0 1 0 0 1 0h 0 ACh 
569       1 1 1 1 0 0 0 0h 1 ACh 
570       1 1 1 1 0 0 1 0h 0 ACh 
571       0 1 0 1 0 0 0 0h 1 ACh 
572       0 1 0 1 0 1 1 2h 0 ACh 
573       0 1 0 1 0 1 0 2h 1 1Ch 
574       0 1 0 1 0 0 1 0h 0 1Ch 
575       1 1 1 1 0 0 0 0h 1 ACh 
576       0 1 0 1 0 0 1 0h 0 ACh 
577       0 1 0 1 0 0 0 0h 1 ACh 
578       1 1 1 1 1 1 1 3h 0 ACh 
579       0 1 0 1 1 1 0 3h 1 54h 
580       1 1 1 1 1 0 1 1h 0 54h 
581       1 1 1 1 1 0 0 1h 1 E4h 
582       1 1 1 1 1 0 1 1h 0 E4h 
583       1 1 1 1 1 0 0 1h 1 E4h 
584       0 1 0 1 0 1 1 2h 0 E4h 
585       0 1 0 1 0 1 0 2h 1 1Ch 
586       1 1 1 1 1 1 1 3h 0 1Ch 
587       1 1 1 1 1 1 0 3h 1 54h 
588       1 1 1 1 1 0 1 1h 0 54h 
589       1 1 1 1 1 0 0 1h 1 E4h 
590       1 1 1 1 0 1 1 2h 0 E4h 
591       1 1 1 1 0 1 0 2h 1 1Ch 
592       0 1 0 1 0 1 1 2h 0 1Ch 
593       1 1 1 1 0 1 0 2h 1 1Ch 
594       0 1 0 1 1 1 1 3h 0 1Ch 
595       0 1 0 1 1 1 0 3h 1 54h 
596       0 1 0 1 1 1 1 3h 0 54h 
597       1 1 1 1 1 1 0 3h 1 54h 
598       1 1 1 1 0 0 1 0h 0 54h 
599       0 1 0 1 0 0 0 0h 1 ACh 
600       1 1 1 1 0 1 1 2h 0 ACh 
601       1 1 1 1 0 1 0 2h 1 1Ch 
602       0 1 0 1 1 0 1 1h 0 1Ch 
603       1 1 1 1 1 0 0 1h 1 E4h 
604       1 0 1 0 1 1 1 3h 0 E4h 
605       0 1 0 1 1 1 0 3h 1 54h 
606       0 1 0 1 1 1 0 3h 0 54h 
607       0 1 0 1 1 1 1 3h 0 54h 
608       0 1 0 1 1 1 0 3h 1 54h 
609       1 1 1 1 0 0 1 0h 0 54h 
610       0 1 0 1 0 0 0 0h 1 ACh 
611       1 1 1 1 1 0 1 1h 0 ACh 
612       0 1 0 1 1 0 0 1h 1 E4h 
613       1 1 1 1 1 0 1 1h 0 E4h 
614       1 1 1 1 1 0 0 1h 1 E4h 
615       0 1 0 1 1 0 1 1h 0 E4h 
616       1 1 1 1 1 0 0 1h 1 E4h 
617       1 1 1 1 1 1 1 3h 0 E4h 
618       0 1 0 1 1 1 0 3h 1 54h 
619       0 1 0 1 0 1 1 2h 0 54h 
620       0 1 0 1 0 1 0 2h 1 1Ch 
621       1 1 1 1 0 0 1 0h 0 1Ch 
622       0 1 0 1 0 0 0 0h 1 ACh 
623       1 1 1 1 1 0 1 1h 0 ACh 
624       0 1 0 1 1 0 0 1h 1 E4h 
625       1 1 1 1 1 0 1 1h 0 E4h 
626       1 1 1 1 1 0 0 1h 1 E4h 
627       1 1 1 1 1 0 1 1h 0 E4h 
628       0 1 0 1 1 0 0 1h 1 E4h 
629       0 1 0 1 0 1 1 2h 0 E4h 
630       0 1 0 1 0 1 0 2h 1 1Ch 
631       0 1 0 1 0 0 1 0h 0 1Ch 
632       0 1 0 1 0 0 0 0h 1 ACh 
633       1 1 1 1 0 0 1 0h 0 ACh 
634       0 1 0 1 0 0 0 0h 1 ACh 
635       1 1 1 1 1 0 1 1h 0 ACh 
636       0 1 0 1 1 0 0 1h 1 E4h 
637       1 1 1 1 1 0 1 1h 0 E4h 
638       0 1 0 1 1 0 0 1h 1 E4h 
639       1 1 1 1 1 0 1 1h 0 E4h 
640       1 1 1 1 1 0 0 1h 1 E4h 
641       1 1 1 1 1 0 1 1h 0 E4h 
642       0 1 0 1 1 0 0 1h 1 E4h 
643       0 1 0 1 0 1 1 2h 0 E4h 
644       0 1 0 1 0 1 0 2h 1 1Ch 
645       0 1 0 1 0 0 1 0h 0 1Ch 
646       0 1 0 1 0 0 0 0h 1 ACh 
647       1 1 1 1 0 0 1 0h 0 ACh 
648       1 1 1 1 0 0 0 0h 1 ACh 
649       1 1 1 1 1 0 1 1h 0 ACh 
650       0 1 0 1 1 0 0 1h 1 E4h 
651       1 1 1 1 0 1 1 2h 0 E4h 
652       1 1 1 1 0 1 0 2h 1 1Ch 
653       1 1 1 1 1 0 1 1h 0 1Ch 
654       0 1 0 1 1 0 0 1h 1 E4h 
655       1 1 1 1 0 1 1 2h 0 E4h 
656       1 1 1 1 0 1 0 2h 1 1Ch 
657       1 1 1 1 1 0 1 1h 0 1Ch 
658       1 1 1 1 1 0 0 1h 1 E4h 
659       1 0 1 0 0 1 1 2h 0 E4h 
660       0 1 0 1 0 1 0 2h 1 1Ch 
661       0 1 0 1 0 1 0 2h 0 1Ch 
662       1 1 1 1 1 1 1 3h 0 1Ch 
663       0 1 0 1 1 1 0 3h 1 54h 
664       1 1 1 1 1 0 1 1h 0 54h 
665       1 1 1 1 1 0 0 1h 1 E4h 
666       1 1 1 1 1 0 1 1h 0 E4h 
667       1 1 1 1 1 0 0 1h 1 E4h 
668       1 1 1 1 0 1 1 2h 0 E4h 
669       0 1 0 1 0 1 0 2h 1 1Ch 
670       1 1 1 1 0 1 1 2h 0 1Ch 
671       1 1 1 1 0 1 0 2h 1 1Ch 
672       1 1 1 1 1 0 1 1h 0 1Ch 
673       1 1 1 1 1 0 0 1h 1 E4h 
674       0 1 0 1 0 1 1 2h 0 E4h 
675       0 1 0 1 0 1 0 2h 1 1Ch 
676       1 1 1 1 1 1 1 3h 0 1Ch 
677       1 1 1 1 1 1 0 3h 1 54h 
678       1 1 1 1 1 0 1 1h 0 54h 
679       1 1 1 1 1 0 0 1h 1 E4h 
680       0 1 0 1 0 1 1 2h 0 E4h 
681       0 1 0 1 0 1 0 2h 1 1Ch 
682       1 1 1 1 1 1 1 3h 0 1Ch 
683       1 1 1 1 1 1 0 3h 1 54h 
684       0 1 0 1 1 0 1 1h 0 54h 
685       0 1 0 1 1 0 0 1h 1 E4h 
686       1 1 1 1 1 1 1 3h 0 E4h 
687       0 1 0 1 1 1 0 3h 1 54h 
688       1 1 1 1 1 0 1 1h 0 54h 
689       1 1 1 1 1 0 0 1h 1 E4h 
690       0 1 0 1 1 0 1 1h 0 E4h 
691       0 1 0 1 1 0 0 1h 1 E4h 
692       1 1 1 1 1 1 1 3h 0 E4h 
693       0 1 0 1 1 1 0 3h 1 54h 
694       1 1 1 1 1 0 1 1h 0 54h 
695       0 1 0 1 1 0 0 1h 1 E4h 
696       0 1 0 1 1 0 1 1h 0 E4h 
697       1 1 1 1 1 0 0 1h 1 E4h 
698       1 0 1 0 0 0 1 0h 0 E4h 
699       1 0 1 0 0 0 0 0h 1 ACh 
700       0 1 0 1 0 0 0 0h 0 ACh 
701       0 1 0 1 0 0 0 0h 0 ACh 
702       1 1 1 1 1 1 1 3h 0 ACh 
703       0 1 0 1 1 1 0 3h 1 54h 
704       1 1 1 1 1 0 1 1h 0 54h 
705       0 1 0 1 1 0 0 1h 1 E4h 
706       0 1 0 1 1 0 1 1h 0 E4h 
707       1 1 1 1 1 0 0 1h 1 E4h 
708       0 1 0 1 0 0 1 0h 0 E4h 
709       1 1 1 1 0 0 0 0h 1 ACh 
710       1 1 1 1 1 1 1 3h 0 ACh 
711       0 1 0 1 1 1 0 3h 1 54h 
712       1 1 1 1 0 1 1 2h 0 54h 
713       0 1 0 1 0 1 0 2h 1 1Ch 
714       1 1 1 1 1 0 1 1h 0 1Ch 
715       0 1 0 1 1 0 0 1h 1 E4h 
716       0 1 0 1 1 0 1 1h 0 E4h 
717       1 1 1 1 1 0 0 1h 1 E4h 
718       0 1 0 1 0 0 1 0h 0 E4h 
719       0 1 0 1 0 0 0 0h 1 ACh 
720       1 1 1 1 1 1 1 3h 0 ACh 
721       0 1 0 1 1 1 0 3h 1 54h 
722       0 1 0 1 1 0 1 1h 0 54h 
723       1 1 1 1 1 0 0 1h 1 E4h 
724       1 1 1 1 0 0 1 0h 0 E4h 
725       0 1 0 1 0 0 0 0h 1 ACh 
726       1 1 1 1 0 1 1 2h 0 ACh 
727       1 1 1 1 0 1 0 2h 1 1Ch 
728       0 1 0 1 1 0 1 1h 0 1Ch 
729       0 1 0 1 1 0 0 1h 1 E4h 
730       0 1 0 1 1 1 1 3h 0 E4h 
731       0 1 0 1 1 1 0 3h 1 54h 
732       1 1 1 1 0 0 1 0h 0 54h 
733       1 1 1 1 0 0 0 0h 1 ACh 
734       0 1 0 1 1 0 1 1h 0 ACh 
735       0 1 0 1 1 0 0 1h 1 E4h 
736       0 1 0 1 1 1 1 3h 0 E4h 
737       1 1 1 1 1 1 0 3h 1 54h 
738       0 1 0 1 0 0 1 0h 0 54h 
739       0 1 0 1 0 0 0 0h 1 ACh 
740       0 1 0 1 1 1 1 3h 0 ACh 
741       1 1 1 1 1 1 0 3h 1 54h 
742       1 1 1 1 0 0 1 0h 0 54h 
743       1 1 1 1 0 0 0 0h 1 ACh 
744       0 1 0 1 0 1 1 2h 0 ACh 
745       0 1 0 1 0 1 0 2h 1 1Ch 
746       0 1 0 1 1 1 1 3h 0 1Ch 
747       0 1 0 1 1 1 0 3h 1 54h 
748       0 1 0 1 0 0 1 0h 0 54h 
749       0 1 0 1 0 0 0 0h 1 ACh 
750       0 1 0 1 0 0 1 0h 0 ACh 
751       0 1 0 1 0 0 0 0h 1 ACh 
752       1 1 1 1 0 0 1 0h 0 ACh 
753       1 0 1 0 0 0 0 0h 1 ACh 
754       0 1 0 1 0 0 0 0h 0 ACh 
755       0 1 0 1 1 0 1 1h 0 ACh 
756       0 1 0 1 1 0 0 1h 1 E4h 
757       0 1 0 1 0 0 1 0h 0 E4h 
758       1 1 1 1 0 0 0 0h 1 ACh 
759       1 1 1 1 0 0 1 0h 0 ACh 
760       0 1 0 1 0 0 0 0h 1 ACh 
761       1 1 1 1 0 1 1 2h 0 ACh 
762       1 1 1 1 0 1 0 2h 1 1Ch 
763       0 1 0 1 1 0 1 1h 0 1Ch 
764       1 1 1 1 1 0 0 1h 1 E4h 
765       1 1 1 1 1 1 1 3h 0 E4h 
766       1 1 1 1 1 1 0 3h 1 54h 
767       0 1 0 1 0 1 1 2h 0 54h 
768       0 1 0 1 0 1 0 2h 1 1Ch 
769       1 1 1 1 1 1 1 3h 0 1Ch 
770       1 1 1 1 1 1 0 3h 1 54h 
771       1 1 1 1 1 0 1 1h 0 54h 
772       1 1 1 1 1 0 0 1h 1 E4h 
773       1 1 1 1 0 1 1 2h 0 E4h 
774       1 1 1 1 0 1 0 2h 1 1Ch 
775       1 1 1 1 0 1 1 2h 0 1Ch 
776       0 1 0 1 0 1 0 2h 1 1Ch 
777       0 1 0 1 0 1 1 2h 0 1Ch 
778       0 1 0 1 0 1 0 2h 1 1Ch 
779       0 1 0 1 0 0 1 0h 0 1Ch 
780       0 1 0 1 0 0 0 0h 1 ACh 
781       1 1 1 1 0 0 1 0h 0 ACh 
782       0 1 0 1 0 0 0 0h 1 ACh 
783       0 1 0 1 1 0 1 1h 0 ACh 
784       1 1 1 1 1 0 0 1h 1 E4h 
785       0 1 0 1 0 0 1 0h 0 E4h 
786       1 1 1 1 0 0 0 0h 1 ACh 
787       1 1 1 1 1 1 1 3h 0 ACh 
788       0 1 0 1 1 1 0 3h 1 54h 
789       0 1 0 1 0 1 1 2h 0 54h 
790       0 1 0 1 0 1 0 2h 1 1Ch 
791       0 1 0 1 0 0 1 0h 0 1Ch 
792       0 1 0 1 0 0 0 0h 1 ACh 
793       0 1 0 1 0 0 1 0h 0 ACh 
794       1 1 1 1 0 0 0 0h 1 ACh 
795       1 1 1 1 0 0 1 0h 0 ACh 
796       1 1 1 1 0 0 0 0h 1 ACh 
797       0 1 0 1 0 1 1 2h 0 ACh 
798       1 1 1 1 0 1 0 2h 1 1Ch 
799       1 1 1 1 1 1 1 3h 0 1Ch 
800       0 1 0 1 1 1 0 3h 1 54h 
801       0 1 0 1 0 1 1 2h 0 54h 
802       0 1 0 1 0 1 0 2h 1 1Ch 
803       0 1 0 1 0 0 1 0h 0 1Ch 
804       1 1 1 1 0 0 0 0h 1 ACh 
805       1 1 1 1 0 0 1 0h 0 ACh 
806       1 1 1 1 0 0 0 0h 1 ACh 
807       0 1 0 1 0 1 1 2h 0 ACh 
808       0 1 0 1 0 1 0 2h 1 1Ch 
809       1 1 1 1 1 1 1 3h 0 1Ch 
810       0 1 0 1 1 1 0 3h 1 54h 
811       0 1 0 1 1 0 1 1h 0 54h 
812       0 1 0 1 1 0 0 1h 1 E4h 
813       0 1 0 1 0 0 1 0h 0 E4h 
814       1 1 1 1 0 0 0 0h 1 ACh 
815       0 1 0 1 0 0 1 0h 0 ACh 
816       0 1 0 1 0 0 0 0h 1 ACh 
817       1 1 1 1 1 1 1 3h 0 ACh 
818       1 1 1 1 1 1 0 3h 1 54h 
819       0 1 0 1 1 0 1 1h 0 54h 
820       0 1 0 1 1 0 0 1h 1 E4h 
821       0 1 0 1 1 1 1 3h 0 E4h 
822       1 1 1 1 1 1 0 3h 1 54h 
823       1 1 1 1 0 0 1 0h 0 54h 
824       1 1 1 1 0 0 0 0h 1 ACh 
825       1 1 1 1 0 1 1 2h 0 ACh 
826       0 1 0 1 0 1 0 2h 1 1Ch 
827       0 1 0 1 0 1 1 2h 0 1Ch 
828       0 1 0 1 0 1 0 2h 1 1Ch 
829       1 1 1 1 0 0 1 0h 0 1Ch 
830       1 1 1 1 0 0 0 0h 1 ACh 
831       0 1 0 1 1 0 1 1h 0 ACh 
832       1 1 1 1 1 0 0 1h 1 E4h 
833       1 1 1 1 1 1 1 3h 0 E4h 
834       1 1 1 1 1 1 0 3h 1 54h 
835       1 1 1 1 0 1 1 2h 0 54h 
836       1 1 1 1 0 1 0 2h 1 1Ch 
837       0 1 0 1 0 1 1 2h 0 1Ch 
838       0 1 0 1 0 1 0 2h 1 1Ch 
839       0 1 0 1 1 1 1 3h 0 1Ch 
840       1 1 1 1 1 1 0 3h 1 54h 
841       0 1 0 1 0 0 1 0h 0 54h 
842       1 1 1 1 0 0 0 0h 1 ACh 
843       0 1 0 1 1 1 1 3h 0 ACh 
844       0 1 0 1 1 1 0 3h 1 54h 
845       0 1 0 1 1 1 1 3h 0 54h 
846       1 1 1 1 1 1 0 3h 1 54h 
847       0 1 0 1 0 0 1 0h 0 54h 
848       1 1 1 1 0 0 0 0h 1 ACh 
849       1 1 1 1 1 1 1 3h 0 ACh 
850       1 1 1 1 1 1 0 3h 1 54h 
851       1 1 1 1 0 1 1 2h 0 54h 
852       1 1 1 1 0 1 0 2h 1 1Ch 
853       0 1 0 1 0 1 1 2h 0 1Ch 
854       0 1 0 1 0 1 0 2h 1 1Ch 
855       1 1 1 1 1 1 1 3h 0 1Ch 
856       1 1 1 1 1 1 0 3h 1 54h 
857       1 1 1 1 1 0 1 1h 0 54h 
858       1 1 1 1 1 0 0 1h 1 E4h 
859       1 1 1 1 0 1 1 2h 0 E4h 
860       0 1 0 1 0 1 0 2h 1 1Ch 
861       0 1 0 1 0 1 1 2h 0 1Ch 
862       0 1 0 1 0 1 0 2h 1 1Ch 
863       1 1 1 1 0 0 1 0h 0 1Ch 
864       0 1 0 1 0 0 0 0h 1 ACh 
865       0 1 0 1 1 0 1 1h 0 ACh 
866       1 1 1 1 1 0 0 1h 1 E4h 
867       1 1 1 1 0 0 1 0h 0 E4h 
868       1 1 1 1 0 0 0 0h 1 ACh 
869       1 1 1 1 0 1 1 2h 0 ACh 
870       0 1 0 1 0 1 0 2h 1 1Ch 
871       1 1 1 1 0 1 1 2h 0 1Ch 
872       1 1 1 1 0 1 0 2h 1 1Ch 
873       0 1 0 1 1 0 1 1h 0 1Ch 
874       0 1 0 1 1 0 0 1h 1 E4h 
875       0 1 0 1 1 1 1 3h 0 E4h 
876       1 1 1 1 1 1 0 3h 1 54h 
877       0 1 0 1 0 0 1 0h 0 54h 
878       1 1 1 1 0 0 0 0h 1 ACh 
879       0 1 0 1 1 1 1 3h 0 ACh 
880       0 1 0 1 1 1 0 3h 1 54h 
881       1 1 1 1 1 1 1 3h 0 54h 
882       1 1 1 1 1 1 0 3h 1 54h 
883       0 1 0 1 1 0 1 1h 0 54h 
884       1 1 1 1 1 0 0 1h 1 E4h 
885       1 1 1 1 1 1 1 3h 0 E4h 
886       0 1 0 1 1 1 0 3h 1 54h 
887       0 1 0 1 0 1 1 2h 0 54h 
888       1 1 1 1 0 1 0 2h 1 1Ch 
889       1 1 1 1 0 0 1 0h 0 1Ch 
890       1 1 1 1 0 0 0 0h 1 ACh 
891       1 1 1 1 0 1 1 2h 0 ACh 
892       0 1 0 1 0 1 0 2h 1 1Ch 
893       0 1 0 1 0 1 1 2h 0 1Ch 
894       0 1 0 1 0 1 0 2h 1 1Ch 
895       1 1 1 1 0 0 1 0h 0 1Ch 
896       1 1 1 1 0 0 0 0h 1 ACh 
897       0 1 0 1 1 0 1 1h 0 ACh 
898       1 1 1 1 1 0 0 1h 1 E4h 
899       0 1 0 1 1 1 1 3h 0 E4h 
900       0 1 0 1 1 1 0 3h 1 54h 
901       0 1 0 1 1 1 1 3h 0 54h 
902       1 1 1 1 1 1 0 3h 1 54h 
903       1 1 1 1 0 0 1 0h 0 54h 
904       1 1 1 1 0 0 0 0h 1 ACh 
905       0 1 0 1 0 1 1 2h 0 ACh 
906       1 1 1 1 0 1 0 2h 1 1Ch 
907       1 1 1 1 1 1 1 3h 0 1Ch 
908       0 1 0 1 1 1 0 3h 1 54h 
909       0 1 0 1 0 1 1 2h 0 54h 
910       1 1 1 1 0 1 0 2h 1 1Ch 
911       0 1 0 1 0 0 1 0h 0 1Ch 
912       0 1 0 1 0 0 0 0h 1 ACh 
913       0 1 0 1 1 1 1 3h 0 ACh 
914       0 1 0 1 1 1 0 3h 1 54h 
915       1 1 1 1 0 0 1 0h 0 54h 
916       0 1 0 1 0 0 0 0h 1 ACh 
917       1 1 1 1 1 0 1 1h 0 ACh 
918       1 1 1 1 1 0 0 1h 1 E4h 
919       0 1 0 1 1 0 1 1h 0 E4h 
920       1 1 1 1 1 0 0 1h 1 E4h 
921       1 1 1 1 1 1 1 3h 0 E4h 
922       1 1 1 1 1 1 0 3h 1 54h 
923       1 1 1 1 0 1 1 2h 0 54h 
924       1 1 1 1 0 1 0 2h 1 1Ch 
925       0 1 0 1 0 1 1 2h 0 1Ch 
926       0 1 0 1 0 1 0 2h 1 1Ch 
927       1 1 1 1 1 1 1 3h 0 1Ch 
928       0 1 0 1 1 1 0 3h 1 54h 
929       1 1 1 1 1 0 1 1h 0 54h 
930       1 1 1 1 1 0 0 1h 1 E4h 
931       1 1 1 1 1 0 1 1h 0 E4h 
932       1 1 1 1 1 0 0 1h 1 E4h 
933       1 1 1 1 0 1 1 2h 0 E4h 
934       0 1 0 1 0 1 0 2h 1 1Ch 
935       0 1 0 1 0 1 1 2h 0 1Ch 
936       0 1 0 1 0 1 0 2h 1 1Ch 
937       1 1 1 1 0 0 1 0h 0 1Ch 
938       0 1 0 1 0 0 0 0h 1 ACh 
939       0 1 0 1 1 0 1 1h 0 ACh 
940       0 1 0 1 1 0 0 1h 1 E4h 
941       1 1 1 1 0 0 1 0h 0 E4h 
942       0 1 0 1 0 0 0 0h 1 ACh 
943       1 1 1 1 1 0 1 1h 0 ACh 
944       0 1 0 1 1 0 0 1h 1 E4h 
945       1 1 1 1 1 0 1 1h 0 E4h 
946       0 1 0 1 1 0 0 1h 1 E4h 
947       0 1 0 1 1 0 1 1h 0 E4h 
948       0 1 0 1 1 0 0 1h 1 E4h 
949       0 1 0 1 0 0 1 0h 0 E4h 
950       1 1 1 1 0 0 0 0h 1 ACh 
951       0 1 0 1 0 0 1 0h 0 ACh 
952       0 1 0 1 0 0 0 0h 1 ACh 
953       1 1 1 1 1 1 1 3h 0 ACh 
954       1 1 1 1 1 1 0 3h 1 54h 
955       0 1 0 1 1 0 1 1h 0 54h 
956       0 1 0 1 1 0 0 1h 1 E4h 
957       1 1 1 1 1 1 1 3h 0 E4h 
958       0 1 0 1 1 1 0 3h 1 54h 
959       1 1 1 1 1 0 1 1h 0 54h 
960       0 1 0 1 1 0 0 1h 1 E4h 
961       0 1 0 1 1 0 1 1h 0 E4h 
962       1 1 1 1 1 0 0 1h 1 E4h 
963       1 1 1 1 0 0 1 0h 0 E4h 
964       1 1 1 1 0 0 0 0h 1 ACh 
965       1 1 1 1 0 1 1 2h 0 ACh 
966       0 1 0 1 0 1 0 2h 1 1Ch 
967       0 1 0 1 0 1 1 2h 0 1Ch 
968       1 1 1 1 0 1 0 2h 1 1Ch 
969       1 1 1 1 0 0 1 0h 0 1Ch 
970       0 1 0 1 0 0 0 0h 1 ACh 
971       1 1 1 1 0 1 1 2h 0 ACh 
972       1 1 1 1 0 1 0 2h 1 1Ch 
973       1 1 1 1 1 0 1 1h 0 1Ch 
974       1 1 1 1 1 0 0 1h 1 E4h 
975       0 1 0 1 0 1 1 2h 0 E4h 
976       1 1 1 1 0 1 0 2h 1 1Ch 
977       0 1 0 1 1 1 1 3h 0 1Ch 
978       1 1 1 1 1 1 0 3h 1 54h 
979       0 1 0 1 1 1 1 3h 0 54h 
980       0 1 0 1 1 1 0 3h 1 54h 
981       0 1 0 1 1 1 1 3h 0 54h 
982       1 1 1 1 1 1 0 3h 1 54h 
983       0 1 0 1 0 0 1 0h 0 54h 
984       1 1 1 1 0 0 0 0h 1 ACh 
985       0 1 0 1 1 1 1 3h 0 ACh 
986       0 1 0 1 1 1 0 3h 1 54h 
987       0 1 0 1 1 1 1 3h 0 54h 
988       0 1 0 1 1 1 0 3h 1 54h 
989       0 1 0 1 0 0 1 0h 0 54h 
990       0 1 0 1 0 0 0 0h 1 ACh 
991       0 1 0 1 0 0 1 0h 0 ACh 
992       1 1 1 1 0 0 0 0h 1 ACh 
993       1 1 1 1 0 0 1 0h 0 ACh 
994       0 1 0 1 0 0 0 0h 1 ACh 
995       1 1 1 1 0 1 1 2h 0 ACh 
996       1 1 1 1 0 1 0 2h 1 1Ch 
997       0 1 0 1 1 0 1 1h 0 1Ch 
998       1 1 1 1 1 0 0 1h 1 E4h 
999       0 1 0 1 1 1 1 3h 0 E4h 
1000      0 1 0 1 1 1 0 3h 1 54h 
1001      0 1 0 1 1 1 1 3h 0 54h 
1002      1 1 1 1 1 1 0 3h 1 54h 
1003      0 1 0 1 0 0 1 0h 0 54h 
1004      1 1 1 1 0 0 0 0h 1 ACh 
1005      0 1 0 1 1 1 1 3h 0 ACh 
1006      1 1 1 1 1 1 0 3h 1 54h 
1007      0 1 0 1 1 1 1 3h 0 54h 
1008      1 1 1 1 1 1 0 3h 1 54h 
1009      0 1 0 1 1 1 1 3h 0 54h 
1010      1 1 1 1 1 1 0 3h 1 54h 
1011      0 1 0 1 1 1 1 3h 0 54h 
1012      1 1 1 1 1 1 0 3h 1 54h 
1013      1 1 1 1 1 1 1 3h 0 54h 
1014      0 1 0 1 1 1 0 3h 1 54h 
1015      1 1 1 1 0 1 1 2h 0 54h 
1016      0 1 0 1 0 1 0 2h 1 1Ch 
1017      0 1 0 1 1 0 1 1h 0 1Ch 
1018      0 1 0 1 1 0 0 1h 1 E4h 
1019      0 1 0 1 0 0 1 0h 0 E4h 
1020      1 1 1 1 0 0 0 0h 1 ACh 
1021      1 1 1 1 0 0 1 0h 0 ACh 
1022      0 1 0 1 0 0 0 0h 1 ACh 
1023      0 1 0 1 0 1 1 2h 0 ACh 
1024      0 1 0 1 0 1 0 2h 1 1Ch 
1025      0 1 0 1 0 0 1 0h 0 1Ch 
1026      0 1 0 1 0 0 0 0h 1 ACh 
1027      1 1 1 1 0 0 1 0h 0 ACh 
1028      0 1 0 1 0 0 0 0h 1 ACh 
1029      1 1 1 1 1 0 1 1h 0 ACh 
1030      1 1 1 1 1 0 0 1h 1 E4h 
1031      0 1 0 1 1 0 1 1h 0 E4h 
1032      1 1 1 1 1 0 0 1h 1 E4h 
1033      1 1 1 1 1 1 1 3h 0 E4h 
1034      1 1 1 1 1 1 0 3h 1 54h 
1035      1 1 1 1 0 1 1 2h 0 54h 
1036      1 1 1 1 0 1 0 2h 1 1Ch 
1037      1 1 1 1 0 1 1 2h 0 1Ch 
1038      1 1 1 1 0 1 0 2h 1 1Ch 
1039      1 1 1 1 0 1 1 2h 0 1Ch 
1040      1 1 1 1 0 1 0 2h 1 1Ch 
1041      0 1 0 1 0 1 1 2h 0 1Ch 
1042      0 1 0 1 0 1 0 2h 1 1Ch 
1043      0 1 0 1 1 1 1 3h 0 1Ch 
1044      1 1 1 1 1 1 0 3h 1 54h 
1045      0 1 0 1 0 0 1 0h 0 54h 
1046      1 1 1 1 0 0 0 0h 1 ACh 
1047      0 1 0 1 1 1 1 3h 0 ACh 
1048      1 1 1 1 1 1 0 3h 1 54h 
1049      1 1 1 1 1 1 1 3h 0 54h 
1050      0 1 0 1 1 1 0 3h 1 54h 
1051      1 1 1 1 0 1 1 2h 0 54h 
1052      1 1 1 1 0 1 0 2h 1 1Ch 
1053      0 1 0 1 1 0 1 1h 0 1Ch 
1054      0 1 0 1 1 0 0 1h 1 E4h 
1055      1 1 1 1 1 1 1 3h 0 E4h 
1056      0 1 0 1 1 1 0 3h 1 54h 
1057      1 1 1 1 1 0 1 1h 0 54h 
1058      0 1 0 1 1 0 0 1h 1 E4h 
1059      0 1 0 1 1 0 1 1h 0 E4h 
1060      0 1 0 1 1 0 0 1h 1 E4h 
1061      0 1 0 1 0 0 1 0h 0 E4h 
1062      1 1 1 1 0 0 0 0h 1 ACh 
1063      0 1 0 1 0 0 1 0h 0 ACh 
1064      0 1 0 1 0 0 0 0h 1 ACh 
1065      0 1 0 1 1 1 1 3h 0 ACh 
1066      0 1 0 1 1 1 0 3h 1 54h 
1067      0 1 0 1 0 0 1 0h 0 54h 
1068      0 1 0 1 0 0 0 0h 1 ACh 
1069      1 1 1 1 0 0 1 0h 0 ACh 
1070      1 1 1 1 0 0 0 0h 1 ACh 
1071      1 1 1 1 1 0 1 1h 0 ACh 
1072      1 1 1 1 1 0 0 1h 1 E4h 
1073      0 1 0 1 0 1 1 2h 0 E4h 
1074      1 1 1 1 0 1 0 2h 1 1Ch 
1075      1 1 1 1 1 1 1 3h 0 1Ch 
1076      1 1 1 1 1 1 0 3h 1 54h 
1077      0 1 0 1 0 1 1 2h 0 54h 
1078      0 1 0 1 0 1 0 2h 1 1Ch 
1079      0 1 0 1 1 1 1 3h 0 1Ch 
1080      0 1 0 1 1 1 0 3h 1 54h 
1081      0 1 0 1 0 0 1 0h 0 54h 
1082      1 1 1 1 0 0 0 0h 1 ACh 
1083      0 1 0 1 0 0 1 0h 0 ACh 
1084      0 1 0 1 0 0 0 0h 1 ACh 
1085      1 1 1 1 1 1 1 3h 0 ACh 
1086      1 1 1 1 1 1 0 3h 1 54h 
1087      0 1 0 1 1 0 1 1h 0 54h 
1088      1 1 1 1 1 0 0 1h 1 E4h 
1089      0 1 0 1 1 1 1 3h 0 E4h 
1090      1 1 1 1 1 1 0 3h 1 54h 
1091      0 1 0 1 1 1 1 3h 0 54h 
1092      0 1 0 1 1 1 0 3h 1 54h 
1093      1 1 1 1 1 1 1 3h 0 54h 
1094      0 1 0 1 1 1 0 3h 1 54h 
1095      0 1 0 1 1 0 1 1h 0 54h 
1096      0 1 0 1 1 0 0 1h 1 E4h 
1097      1 1 1 1 0 0 1 0h 0 E4h 
1098      1 1 1 1 0 0 0 0h 1 ACh 
1099      1 1 1 1 1 0 1 1h 0 ACh 
1100      0 1 0 1 1 0 0 1h 1 E4h 
1101      1 1 1 1 0 1 1 2h 0 E4h 
1102      0 1 0 1 0 1 0 2h 1 1Ch 
1103      0 1 0 1 1 0 1 1h 0 1Ch 
1104      1 1 1 1 1 0 0 1h 1 E4h 
1105      1 1 1 1 0 0 1 0h 0 E4h 
1106      1 1 1 1 0 0 0 0h 1 ACh 
1107      1 1 1 1 0 1 1 2h 0 ACh 
1108      0 1 0 1 0 1 0 2h 1 1Ch 
1109      0 1 0 1 0 1 1 2h 0 1Ch 
1110      1 1 1 1 0 1 0 2h 1 1Ch 
1111      0 1 0 1 0 0 1 0h 0 1Ch 
1112      0 1 0 1 0 0 0 0h 1 ACh 
1113      0 1 0 1 1 1 1 3h 0 ACh 
1114      1 1 1 1 1 1 0 3h 1 54h 
1115      0 1 0 1 0 0 1 0h 0 54h 
1116      0 1 0 1 0 0 0 0h 1 ACh 
1117      1 1 1 1 1 1 1 3h 0 ACh 
1118      1 1 1 1 1 1 0 3h 1 54h 
1119      1 1 1 1 1 0 1 1h 0 54h 
1120      0 1 0 1 1 0 0 1h 1 E4h 
1121      0 1 0 1 0 1 1 2h 0 E4h 
1122      0 1 0 1 0 1 0 2h 1 1Ch 
1123      0 1 0 1 0 0 1 0h 0 1Ch 
1124      1 1 1 1 0 0 0 0h 1 ACh 
1125      1 1 1 1 0 0 1 0h 0 ACh 
1126      1 1 1 1 0 0 0 0h 1 ACh 
1127      1 1 1 1 0 1 1 2h 0 ACh 
1128      1 1 1 1 0 1 0 2h 1 1Ch 
1129      0 1 0 1 0 1 1 2h 0 1Ch 
1130      1 1 1 1 0 1 0 2h 1 1Ch 
1131      0 1 0 1 1 1 1 3h 0 1Ch 
1132      0 1 0 1 1 1 0 3h 1 54h 
1133      1 1 1 1 1 1 1 3h 0 54h 
1134      1 1 1 1 1 1 0 3h 1 54h 
1135      0 1 0 1 1 0 1 1h 0 54h 
1136      1 1 1 1 1 0 0 1h 1 E4h 
1137      1 1 1 1 1 1 1 3h 0 E4h 
1138      0 1 0 1 1 1 0 3h 1 54h 
1139      0 1 0 1 0 1 1 2h 0 54h 
1140      0 1 0 1 0 1 0 2h 1 1Ch 
1141      1 1 1 1 0 0 1 0h 0 1Ch 
1142      1 1 1 1 0 0 0 0h 1 ACh 
1143      0 1 0 1 1 0 1 1h 0 ACh 
1144      0 1 0 1 1 0 0 1h 1 E4h 
1145      0 1 0 1 1 1 1 3h 0 E4h 
1146      1 1 1 1 1 1 0 3h 1 54h 
1147      1 1 1 1 0 0 1 0h 0 54h 
1148      1 1 1 1 0 0 0 0h 1 ACh 
1149      1 1 1 1 0 1 1 2h 0 ACh 
1150      1 1 1 1 0 1 0 2h 1 1Ch 
1151      0 1 0 1 0 1 1 2h 0 1Ch 
1152      1 1 1 1 0 1 0 2h 1 1Ch 
1153      1 1 1 1 1 1 1 3h 0 1Ch 
1154      1 1 1 1 1 1 0 3h 1 54h 
1155      0 1 0 1 0 1 1 2h 0 54h 
1156      0 1 0 1 0 1 0 2h 1 1Ch 
1157      1 1 1 1 1 1 1 3h 0 1Ch 
1158      0 1 0 1 1 1 0 3h 1 54h 
1159      1 1 1 1 1 0 1 1h 0 54h 
1160      0 1 0 1 1 0 0 1h 1 E4h 
1161      0 1 0 1 1 0 1 1h 0 E4h 
1162      1 1 1 1 1 0 0 1h 1 E4h 
1163      0 1 0 1 0 0 1 0h 0 E4h 
1164      0 1 0 1 0 0 0 0h 1 ACh 
1165      0 1 0 1 1 1 1 3h 0 ACh 
1166      0 1 0 1 1 1 0 3h 1 54h 
1167      1 1 1 1 0 0 1 0h 0 54h 
1168      1 1 1 1 0 0 0 0h 1 ACh 
1169      1 1 1 1 1 0 1 1h 0 ACh 
1170      1 0 1 0 1 0 0 1h 1 E4h 
1171      1 1 1 1 1 0 0 1h 0 E4h 
1172      0 1 0 1 0 1 1 2h 0 E4h 
1173      1 1 1 1 0 1 0 2h 1 1Ch 
1174      1 1 1 1 1 1 1 3h 0 1Ch 
1175      1 1 1 1 1 1 0 3h 1 54h 
1176      1 1 1 1 0 1 1 2h 0 54h 
1177      1 1 1 1 0 1 0 2h 1 1Ch 
1178      0 1 0 1 0 1 1 2h 0 1Ch 
1179      1 1 1 1 0 1 0 2h 1 1Ch 
1180      0 1 0 1 1 1 1 3h 0 1Ch 
1181      0 1 0 1 1 1 0 3h 1 54h 
1182      1 1 1 1 1 1 1 3h 0 54h 
1183      1 1 1 1 1 1 0 3h 1 54h 
1184      1 1 1 1 1 0 1 1h 0 54h 
1185      0 1 0 1 1 0 0 1h 1 E4h 
1186      0 1 0 1 0 1 1 2h 0 E4h 
1187      1 1 1 1 0 1 0 2h 1 1Ch 
1188      1 1 1 1 0 0 1 0h 0 1Ch 
1189      0 1 0 1 0 0 0 0h 1 ACh 
1190      0 1 0 1 0 1 1 2h 0 ACh 
1191      0 1 0 1 0 1 0 2h 1 1Ch 
1192      0 1 0 1 0 0 1 0h 0 1Ch 
1193      1 1 1 1 0 0 0 0h 1 ACh 
1194      0 1 0 1 0 0 1 0h 0 ACh 
1195      1 1 1 1 0 0 0 0h 1 ACh 
1196      1 1 1 1 1 1 1 3h 0 ACh 
1197      1 1 1 1 1 1 0 3h 1 54h 
1198      0 1 0 1 0 1 1 2h 0 54h 
1199      0 1 0 1 0 1 0 2h 1 1Ch 
1200      1 1 1 1 1 1 1 3h 0 1Ch 
1201      0 1 0 1 1 1 0 3h 1 54h 
1202      0 1 0 1 1 0 1 1h 0 54h 
1203      1 1 1 1 1 0 0 1h 1 E4h 
1204      0 1 0 1 0 0 1 0h 0 E4h 
1205      0 1 0 1 0 0 0 0h 1 ACh 
1206      1 1 1 1 1 1 1 3h 0 ACh 
1207      0 1 0 1 1 1 0 3h 1 54h 
1208      1 1 1 1 1 0 1 1h 0 54h 
1209      0 1 0 1 1 0 0 1h 1 E4h 
1210      0 1 0 1 1 0 1 1h 0 E4h 
1211      1 1 1 1 1 0 0 1h 1 E4h 
1212      1 1 1 1 0 0 1 0h 0 E4h 
1213      1 1 1 1 0 0 0 0h 1 ACh 
1214      1 1 1 1 0 1 1 2h 0 ACh 
1215      0 1 0 1 0 1 0 2h 1 1Ch 
1216      1 1 1 1 0 1 1 2h 0 1Ch 
1217      0 1 0 1 0 1 0 2h 1 1Ch 
1218      1 1 1 1 1 0 1 1h 0 1Ch 
1219      1 1 1 1 1 0 0 1h 1 E4h 
1220      0 1 0 1 1 0 1 1h 0 E4h 
1221      1 1 1 1 1 0 0 1h 1 E4h 
1222      0 1 0 1 1 1 1 3h 0 E4h 
1223      1 1 1 1 1 1 0 3h 1 54h 
1224      0 1 0 1 1 1 1 3h 0 54h 
1225      1 1 1 1 1 1 0 3h 1 54h 
1226      1 1 1 1 1 1 1 3h 0 54h 
1227      1 1 1 1 1 1 0 3h 1 54h 
1228      0 1 0 1 0 1 1 2h 0 54h 
1229      0 1 0 1 0 1 0 2h 1 1Ch 
1230      0 1 0 1 1 1 1 3h 0 1Ch 
1231      0 1 0 1 1 1 0 3h 1 54h 
1232      0 1 0 1 0 0 1 0h 0 54h 
1233      0 1 0 1 0 0 0 0h 1 ACh 
1234      0 1 0 1 0 0 1 0h 0 ACh 
1235      0 1 0 1 0 0 0 0h 1 ACh 
1236      1 1 1 1 0 0 1 0h 0 ACh 
1237      1 1 1 1 0 0 0 0h 1 ACh 
1238      0 1 0 1 1 0 1 1h 0 ACh 
1239      0 1 0 1 1 0 0 1h 1 E4h 
1240      1 1 1 1 1 1 1 3h 0 E4h 
1241      1 1 1 1 1 1 0 3h 1 54h 
1242      0 1 0 1 1 0 1 1h 0 54h 
1243      1 1 1 1 1 0 0 1h 1 E4h 
1244      0 1 0 1 1 1 1 3h 0 E4h 
1245      1 1 1 1 1 1 0 3h 1 54h 
1246      1 1 1 1 1 1 1 3h 0 54h 
1247      0 1 0 1 1 1 0 3h 1 54h 
1248      0 1 0 1 0 1 1 2h 0 54h 
1249      0 1 0 1 0 1 0 2h 1 1Ch 
1250      1 1 1 1 0 0 1 0h 0 1Ch 
1251      1 1 1 1 0 0 0 0h 1 ACh 
1252      1 1 1 1 1 0 1 1h 0 ACh 
1253      1 1 1 1 1 0 0 1h 1 E4h 
1254      0 1 0 1 0 1 1 2h 0 E4h 
1255      1 1 1 1 0 1 0 2h 1 1Ch 
1256      1 1 1 1 1 1 1 3h 0 1Ch 
1257      1 1 1 1 1 1 0 3h 1 54h 
1258      1 1 1 1 0 1 1 2h 0 54h 
1259      0 1 0 1 0 1 0 2h 1 1Ch 
1260      0 1 0 1 0 1 1 2h 0 1Ch 
1261      0 1 0 1 0 1 0 2h 1 1Ch 
1262      0 1 0 1 0 0 1 0h 0 1Ch 
1263      0 1 0 1 0 0 0 0h 1 ACh 
1264      1 1 1 1 0 0 1 0h 0 ACh 
1265      1 1 1 1 0 0 0 0h 1 ACh 
1266      0 1 0 1 1 0 1 1h 0 ACh 
1267      1 1 1 1 1 0 0 1h 1 E4h 
1268      0 1 0 1 1 1 1 3h 0 E4h 
1269      1 1 1 1 1 1 0 3h 1 54h 
1270      0 1 0 1 1 1 1 3h 0 54h 
1271      0 1 0 1 1 1 0 3h 1 54h 
1272      1 1 1 1 1 1 1 3h 0 54h 
1273      1 1 1 1 1 1 0 3h 1 54h 
1274      0 1 0 1 1 0 1 1h 0 54h 
1275      0 1 0 1 1 0 0 1h 1 E4h 
1276      1 1 1 1 1 1 1 3h 0 E4h 
1277      1 1 1 1 1 1 0 3h 1 54h 
1278      1 1 1 1 1 0 1 1h 0 54h 
1279      1 1 1 1 1 0 0 1h 1 E4h 
1280      1 1 1 1 0 1 1 2h 0 E4h 
1281      0 1 0 1 0 1 0 2h 1 1Ch 
1282      1 1 1 1 0 1 1 2h 0 1Ch 
1283      0 1 0 1 0 1 0 2h 1 1Ch 
1284      0 1 0 1 1 0 1 1h 0 1Ch 
1285      1 1 1 1 1 0 0 1h 1 E4h 
1286      0 1 0 1 0 0 1 0h 0 E4h 
1287      1 1 1 1 0 0 0 0h 1 ACh 
1288      1 1 1 1 1 1 1 3h 0 ACh 
1289      1 1 1 1 1 1 0 3h 1 54h 
1290      0 1 0 1 0 1 1 2h 0 54h 
1291      0 1 0 1 0 1 0 2h 1 1Ch 
1292      1 1 1 1 1 1 1 3h 0 1Ch 
1293      1 1 1 1 1 1 0 3h 1 54h 
1294      0 1 0 1 1 0 1 1h 0 54h 
1295      0 1 0 1 1 0 0 1h 1 E4h 
1296      1 1 1 1 1 1 1 3h 0 E4h 
1297      1 1 1 1 1 1 0 3h 1 54h 
1298      1 1 1 1 1 0 1 1h 0 54h 
1299      0 1 0 1 1 0 0 1h 1 E4h 
1300      0 1 0 1 0 1 1 2h 0 E4h 
1301      1 1 1 1 0 1 0 2h 1 1Ch 
1302      0 1 0 1 0 0 1 0h 0 1Ch 
1303      1 1 1 1 0 0 0 0h 1 ACh 
1304      0 1 0 1 1 1 1 3h 0 ACh 
1305      1 1 1 1 1 1 0 3h 1 54h 
1306      1 1 1 1 1 1 1 3h 0 54h 
1307      0 1 0 1 1 1 0 3h 1 54h 
1308      0 1 0 1 0 1 1 2h 0 54h 
1309      1 1 1 1 0 1 0 2h 1 1Ch 
1310      0 1 0 1 0 0 1 0h 0 1Ch 
1311      1 1 1 1 0 0 0 0h 1 ACh 
1312      0 1 0 1 1 1 1 3h 0 ACh 
1313      0 1 0 1 1 1 0 3h 1 54h 
1314      0 1 0 1 1 1 1 3h 0 54h 
1315      1 1 1 1 1 1 0 3h 1 54h 
1316      0 1 0 1 0 0 1 0h 0 54h 
1317      1 1 1 1 0 0 0 0h 1 ACh 
1318      1 1 1 1 1 1 1 3h 0 ACh 
1319      1 1 1 1 1 1 0 3h 1 54h 
1320      1 0 1 0 0 1 1 2h 0 54h 
1321      0 1 0 1 0 1 0 2h 1 1Ch 
1322      1 1 1 1 0 1 0 2h 0 1Ch 
1323      0 1 0 1 1 1 1 3h 0 1Ch 
1324      1 1 1 1 1 1 0 3h 1 54h 
1325      0 1 0 1 1 1 1 3h 0 54h 
1326      1 1 1 1 1 1 0 3h 1 54h 
1327      1 1 1 1 1 1 1 3h 0 54h 
1328      1 1 1 1 1 1 0 3h 1 54h 
1329      1 1 1 1 0 1 1 2h 0 54h 
1330      0 1 0 1 0 1 0 2h 1 1Ch 
1331      0 1 0 1 0 1 1 2h 0 1Ch 
1332      1 1 1 1 0 1 0 2h 1 1Ch 
1333      1 1 1 1 0 0 1 0h 0 1Ch 
1334      1 1 1 1 0 0 0 0h 1 ACh 
1335      0 1 0 1 0 1 1 2h 0 ACh 
1336      0 1 0 1 0 1 0 2h 1 1Ch 
1337      1 1 1 1 1 1 1 3h 0 1Ch 
1338      0 1 0 1 1 1 0 3h 1 54h 
1339      0 1 0 1 1 0 1 1h 0 54h 
1340      1 1 1 1 1 0 0 1h 1 E4h 
1341      1 1 1 1 0 0 1 0h 0 E4h 
1342      0 1 0 1 0 0 0 0h 1 ACh 
1343      1 1 1 1 0 1 1 2h 0 ACh 
1344      1 1 1 1 0 1 0 2h 1 1Ch 
1345      0 1 0 1 1 0 1 1h 0 1Ch 
1346      1 1 1 1 1 0 0 1h 1 E4h 
1347      0 1 0 1 1 1 1 3h 0 E4h 
1348      1 1 1 1 1 1 0 3h 1 54h 
1349      1 1 1 1 1 1 1 3h 0 54h 
1350      0 1 0 1 1 1 0 3h 1 54h 
1351      1 1 1 1 0 1 1 2h 0 54h 
1352      1 1 1 1 0 1 0 2h 1 1Ch 
1353      1 1 1 1 1 0 1 1h 0 1Ch 
1354      1 1 1 1 1 0 0 1h 1 E4h 
1355      0 1 0 1 0 1 1 2h 0 E4h 
1356      1 1 1 1 0 1 0 2h 1 1Ch 
1357      0 1 0 1 1 1 1 3h 0 1Ch 
1358      1 1 1 1 1 1 0 3h 1 54h 
1359      1 1 1 1 1 1 1 3h 0 54h 
1360      0 1 0 1 1 1 0 3h 1 54h 
1361      1 1 1 1 0 1 1 2h 0 54h 
1362      1 1 1 1 0 1 0 2h 1 1Ch 
1363      1 1 1 1 1 0 1 1h 0 1Ch 
1364      1 1 1 1 1 0 0 1h 1 E4h 
1365      0 1 0 1 0 1 1 2h 0 E4h 
1366      0 1 0 1 0 1 0 2h 1 1Ch 
1367      0 1 0 1 1 1 1 3h 0 1Ch 
1368      0 1 0 1 1 1 0 3h 1 54h 
1369      1 1 1 1 0 0 1 0h 0 54h 
1370      0 1 0 1 0 0 0 0h 1 ACh 
1371      0 1 0 1 1 0 1 1h 0 ACh 
1372      0 1 0 1 1 0 0 1h 1 E4h 
1373      0 1 0 1 0 0 1 0h 0 E4h 
1374      0 1 0 1 0 0 0 0h 1 ACh 
1375      1 1 1 1 0 0 1 0h 0 ACh 
1376      1 1 1 1 0 0 0 0h 1 ACh 
1377      0 1 0 1 1 0 1 1h 0 ACh 
1378      0 1 0 1 1 0 0 1h 1 E4h 
1379      0 1 0 1 1 1 1 3h 0 E4h 
1380      0 1 0 1 1 1 0 3h 1 54h 
1381      1 1 1 1 0 0 1 0h 0 54h 
1382      0 1 0 1 0 0 0 0h 1 ACh 
1383      1 1 1 1 1 0 1 1h 0 ACh 
1384      0 1 0 1 1 0 0 1h 1 E4h 
1385      1 1 1 1 1 0 1 1h 0 E4h 
1386      1 1 1 1 1 0 0 1h 1 E4h 
1387      0 1 0 1 1 0 1 1h 0 E4h 
1388      0 1 0 1 1 0 0 1h 1 E4h 
1389      0 1 0 1 1 1 1 3h 0 E4h 
1390      0 1 0 1 1 1 0 3h 1 54h 
1391      1 1 1 1 0 0 1 0h 0 54h 
1392      0 1 0 1 0 0 0 0h 1 ACh 
1393      1 1 1 1 1 0 1 1h 0 ACh 
1394      1 1 1 1 1 0 0 1h 1 E4h 
1395      1 1 1 1 1 0 1 1h 0 E4h 
1396      0 1 0 1 1 0 0 1h 1 E4h 
1397      1 1 1 1 0 1 1 2h 0 E4h 
1398      0 1 0 1 0 1 0 2h 1 1Ch 
1399      0 1 0 1 1 0 1 1h 0 1Ch 
1400      1 1 1 1 1 0 0 1h 1 E4h 
1401      0 1 0 1 0 0 1 0h 0 E4h 
1402      0 1 0 1 0 0 0 0h 1 ACh 
1403      1 1 1 1 1 1 1 3h 0 ACh 
1404      1 1 1 1 1 1 0 3h 1 54h 
1405      0 1 0 1 1 0 1 1h 0 54h 
1406      1 1 1 1 1 0 0 1h 1 E4h 
1407      1 1 1 1 1 1 1 3h 0 E4h 
1408      0 1 0 1 1 1 0 3h 1 54h 
1409      1 1 1 1 0 1 1 2h 0 54h 
1410      0 1 0 1 0 1 0 2h 1 1Ch 
1411      1 1 1 1 1 0 1 1h 0 1Ch 
1412      1 1 1 1 1 0 0 1h 1 E4h 
1413      1 1 1 1 1 0 1 1h 0 E4h 
1414      0 1 0 1 1 0 0 1h 1 E4h 
1415      0 0 0 0 0 1 1 2h 0 E4h 
1416      0 1 0 1 0 1 0 2h 1 1Ch 
1417      1 1 1 1 0 1 0 2h 0 1Ch 
1418      1 1 1 1 0 0 1 0h 0 1Ch 
1419      0 1 0 1 0 0 0 0h 1 ACh 
1420      1 1 1 1 0 1 1 2h 0 ACh 
1421      0 1 0 1 0 1 0 2h 1 1Ch 
1422      1 1 1 1 1 0 1 1h 0 1Ch 
1423      0 1 0 1 1 0 0 1h 1 E4h 
1424      1 1 1 1 1 0 1 1h 0 E4h 
1425      1 1 1 1 1 0 0 1h 1 E4h 
1426      0 1 0 1 1 0 1 1h 0 E4h 
1427      1 1 1 1 1 0 0 1h 1 E4h 
1428      0 1 0 1 1 1 1 3h 0 E4h 
1429      0 1 0 1 1 1 0 3h 1 54h 
1430      0 1 0 1 1 1 1 3h 0 54h 
1431      0 1 0 1 1 1 0 3h 1 54h 
1432      0 1 0 1 0 0 1 0h 0 54h 
1433      1 1 1 1 0 0 0 0h 1 ACh 
1434      0 1 0 1 0 0 1 0h 0 ACh 
1435      0 1 0 1 0 0 0 0h 1 ACh 
1436      0 1 0 1 1 1 1 3h 0 ACh 
1437      0 1 0 1 1 1 0 3h 1 54h 
1438      0 1 0 1 0 0 1 0h 0 54h 
1439      1 1 1 1 0 0 0 0h 1 ACh 
1440      1 1 1 1 0 0 1 0h 0 ACh 
1441      0 1 0 1 0 0 0 0h 1 ACh 
1442      1 1 1 1 0 1 1 2h 0 ACh 
1443      1 1 1 1 0 1 0 2h 1 1Ch 
1444      1 1 1 1 1 0 1 1h 0 1Ch 
1445      0 1 0 1 1 0 0 1h 1 E4h 
1446      1 1 1 1 0 1 1 2h 0 E4h 
1447      0 1 0 1 0 1 0 2h 1 1Ch 
1448      0 1 0 1 1 0 1 1h 0 1Ch 
1449      1 1 1 1 1 0 0 1h 1 E4h 
1450      1 1 1 1 0 0 1 0h 0 E4h 
1451      1 1 1 1 0 0 0 0h 1 ACh 
1452      1 1 1 1 0 1 1 2h 0 ACh 
1453      0 1 0 1 0 1 0 2h 1 1Ch 
1454      0 1 0 1 0 1 1 2h 0 1Ch 
1455      0 1 0 1 0 1 0 2h 1 1Ch 
1456      1 1 1 1 0 0 1 0h 0 1Ch 
1457      0 1 0 1 0 0 0 0h 1 ACh 
1458      1 1 1 1 1 0 1 1h 0 ACh 
1459      0 1 0 1 1 0 0 1h 1 E4h 
1460      0 1 0 1 1 0 1 1h 0 E4h 
1461      1 1 1 1 1 0 0 1h 1 E4h 
1462      0 1 0 1 0 0 1 0h 0 E4h 
1463      0 1 0 1 0 0 0 0h 1 ACh 
1464      1 1 1 1 1 1 1 3h 0 ACh 
1465      0 1 0 1 1 1 0 3h 1 54h 
1466      0 1 0 1 1 0 1 1h 0 54h 
1467      1 1 1 1 1 0 0 1h 1 E4h 
1468      1 1 1 1 0 0 1 0h 0 E4h 
1469      0 1 0 1 0 0 0 0h 1 ACh 
1470      0 1 0 1 0 1 1 2h 0 ACh 
1471      0 1 0 1 0 1 0 2h 1 1Ch 
1472      1 1 1 1 0 0 1 0h 0 1Ch 
1473      1 1 1 1 0 0 0 0h 1 ACh 
1474      0 1 0 1 1 0 1 1h 0 ACh 
1475      1 1 1 1 1 0 0 1h 1 E4h 
1476      0 1 0 1 1 1 1 3h 0 E4h 
1477      0 1 0 1 1 1 0 3h 1 54h 
1478      1 1 1 1 1 1 1 3h 0 54h 
1479      1 1 1 1 1 1 0 3h 1 54h 
1480      0 1 0 1 1 0 1 1h 0 54h 
1481      1 1 1 1 1 0 0 1h 1 E4h 
1482      1 1 1 1 1 1 1 3h 0 E4h 
1483      1 1 1 1 1 1 0 3h 1 54h 
1484      1 1 1 1 0 1 1 2h 0 54h 
1485      0 1 0 1 0 1 0 2h 1 1Ch 
1486      1 1 1 1 0 1 1 2h 0 1Ch 
1487      1 1 1 1 0 1 0 2h 1 1Ch 
1488      0 1 0 1 1 0 1 1h 0 1Ch 
1489      0 1 0 1 1 0 0 1h 1 E4h 
1490      0 1 0 1 1 1 1 3h 0 E4h 
1491      0 1 0 1 1 1 0 3h 1 54h 
1492      0 1 0 1 0 0 1 0h 0 54h 
1493      0 1 0 1 0 0 0 0h 1 ACh 
1494      0 1 0 1 0 0 1 0h 0 ACh 
1495      0 1 0 1 0 0 0 0h 1 ACh 
1496      1 1 1 1 0 0 1 0h 0 ACh 
1497      0 1 0 1 0 0 0 0h 1 ACh 
1498      1 1 1 1 1 0 1 1h 0 ACh 
1499      1 1 1 1 1 0 0 1h 1 E4h 
1500      1 1 1 1 1 0 1 1h 0 E4h 
1501      1 1 1 1 1 0 0 1h 1 E4h 
1502      0 1 0 1 0 1 1 2h 0 E4h 
1503      0 1 0 1 0 1 0 2h 1 1Ch 
1504      1 1 1 1 1 1 1 3h 0 1Ch 
1505      0 1 0 1 1 1 0 3h 1 54h 
1506      0 1 0 1 1 0 1 1h 0 54h 
1507      1 1 1 1 1 0 0 1h 1 E4h 
1508      0 1 0 1 0 0 1 0h 0 E4h 
1509      0 1 0 1 0 0 0 0h 1 ACh 
1510      0 1 0 1 1 1 1 3h 0 ACh 
1511      1 1 1 1 1 1 0 3h 1 54h 
1512      0 1 0 1 0 0 1 0h 0 54h 
1513      1 1 1 1 0 0 0 0h 1 ACh 
1514      0 1 0 1 1 1 1 3h 0 ACh 
1515      0 1 0 1 1 1 0 3h 1 54h 
1516      0 1 0 1 1 1 1 3h 0 54h 
1517      1 1 1 1 1 1 0 3h 1 54h 
1518      1 1 1 1 0 0 1 0h 0 54h 
1519      0 1 0 1 0 0 0 0h 1 ACh 
1520      0 1 0 1 0 1 1 2h 0 ACh 
1521      0 1 0 1 0 1 0 2h 1 1Ch 
1522      0 1 0 1 0 0 1 0h 0 1Ch 
1523      0 1 0 1 0 0 0 0h 1 ACh 
1524      1 1 1 1 0 0 1 0h 0 ACh 
1525      0 1 0 1 0 0 0 0h 1 ACh 
1526      1 1 1 1 1 0 1 1h 0 ACh 
1527      0 1 0 1 1 0 0 1h 1 E4h 
1528      1 1 1 1 1 0 1 1h 0 E4h 
1529      0 1 0 1 1 0 0 1h 1 E4h 
1530      1 1 1 1 1 0 1 1h 0 E4h 
1531      1 1 1 1 1 0 0 1h 1 E4h 
1532      0 1 0 1 1 0 1 1h 0 E4h 
1533      0 1 0 1 1 0 0 1h 1 E4h 
1534      0 1 0 1 1 1 1 3h 0 E4h 
1535      0 1 0 1 1 1 0 3h 1 54h 
1536      0 1 0 1 0 0 1 0h 0 54h 
1537      0 1 0 1 0 0 0 0h 1 ACh 
1538      1 1 1 1 0 0 1 0h 0 ACh 
1539      1 1 1 1 0 0 0 0h 1 ACh 
1540      0 1 0 1 1 0 1 1h 0 ACh 
1541      1 1 1 1 1 0 0 1h 1 E4h 
1542      1 1 1 1 1 1 1 3h 0 E4h 
1543      0 1 0 1 1 1 0 3h 1 54h 
1544      1 1 1 1 0 1 1 2h 0 54h 
1545      1 1 1 1 0 1 0 2h 1 1Ch 
1546      1 1 1 1 1 0 1 1h 0 1Ch 
1547      0 1 0 1 1 0 0 1h 1 E4h 
1548      1 1 1 1 0 1 1 2h 0 E4h 
1549      1 1 1 1 0 1 0 2h 1 1Ch 
1550      0 1 0 1 1 0 1 1h 0 1Ch 
1551      0 1 0 1 1 0 0 1h 1 E4h 
1552      1 1 1 1 1 1 1 3h 0 E4h 
1553      0 1 0 1 1 1 0 3h 1 54h 
1554      1 1 1 1 1 0 1 1h 0 54h 
1555      1 1 1 1 1 0 0 1h 1 E4h 
1556      1 1 1 1 1 0 1 1h 0 E4h 
1557      1 1 1 1 1 0 0 1h 1 E4h 
1558      1 1 1 1 0 1 1 2h 0 E4h 
1559      0 1 0 1 0 1 0 2h 1 1Ch 
1560      0 1 0 1 0 1 1 2h 0 1Ch 
1561      1 1 1 1 0 1 0 2h 1 1Ch 
1562      1 1 1 1 0 0 1 0h 0 1Ch 
1563      0 1 0 1 0 0 0 0h 1 ACh 
1564      0 1 0 1 0 1 1 2h 0 ACh 
1565      0 1 0 1 0 1 0 2h 1 1Ch 
1566      1 1 1 1 0 0 1 0h 0 1Ch 
1567      1 1 1 1 0 0 0 0h 1 ACh 
1568      0 1 0 1 1 0 1 1h 0 ACh 
1569      0 1 0 1 1 0 0 1h 1 E4h 
1570      0 1 0 1 1 1 1 3h 0 E4h 
1571      0 1 0 1 1 1 0 3h 1 54h 
1572      0 1 0 1 0 0 1 0h 0 54h 
1573      0 1 0 1 0 0 0 0h 1 ACh 
1574      1 1 1 1 0 0 1 0h 0 ACh 
1575      1 1 1 1 0 0 0 0h 1 ACh 
1576      0 1 0 1 1 0 1 1h 0 ACh 
1577      0 1 0 1 1 0 0 1h 1 E4h 
1578      0 1 0 1 1 1 1 3h 0 E4h 
1579      1 1 1 1 1 1 0 3h 1 54h 
1580      0 1 0 1 0 0 1 0h 0 54h 
1581      0 1 0 1 0 0 0 0h 1 ACh 
1582      1 1 1 1 1 1 1 3h 0 ACh 
1583      0 1 0 1 1 1 0 3h 1 54h 
1584      1 1 1 1 1 0 1 1h 0 54h 
1585      0 1 0 1 1 0 0 1h 1 E4h 
1586      0 1 0 1 1 0 1 1h 0 E4h 
1587      1 1 1 1 1 0 0 1h 1 E4h 
1588      1 1 1 1 0 0 1 0h 0 E4h 
1589      0 1 0 1 0 0 0 0h 1 ACh 
1590      1 1 1 1 0 1 1 2h 0 ACh 
1591      0 1 0 1 0 1 0 2h 1 1Ch 
1592      1 1 1 1 1 0 1 1h 0 1Ch 
1593      1 1 1 1 1 0 0 1h 1 E4h 
1594      1 1 1 1 1 0 1 1h 0 E4h 
1595      1 1 1 1 1 0 0 1h 1 E4h 
1596      0 1 0 1 0 1 1 2h 0 E4h 
1597      1 1 1 1 0 1 0 2h 1 1Ch 
1598      1 1 1 1 1 1 1 3h 0 1Ch 
1599      0 1 0 1 1 1 0 3h 1 54h 
1600      0 1 0 1 0 1 1 2h 0 54h 
1601      0 1 0 1 0 1 0 2h 1 1Ch 
1602      1 1 1 1 0 0 1 0h 0 1Ch 
1603      1 1 1 1 0 0 0 0h 1 ACh 
1604      0 1 0 1 1 0 1 1h 0 ACh 
1605      1 1 1 1 1 0 0 1h 1 E4h 
1606      1 1 1 1 1 1 1 3h 0 E4h 
1607      1 1 1 1 1 1 0 3h 1 54h 
1608      0 1 0 1 0 1 1 2h 0 54h 
1609      0 1 0 1 0 1 0 2h 1 1Ch 
1610      0 1 0 1 1 1 1 3h 0 1Ch 
1611      0 1 0 1 1 1 0 3h 1 54h 
1612      1 1 1 1 0 0 1 0h 0 54h 
1613      1 1 1 1 0 0 0 0h 1 ACh 
1614      0 1 0 1 1 0 1 1h 0 ACh 
1615      0 1 0 1 1 0 0 1h 1 E4h 
1616      1 1 1 1 1 1 1 3h 0 E4h 
1617      0 1 0 1 1 1 0 3h 1 54h 
1618      0 1 0 1 1 0 1 1h 0 54h 
1619      1 1 1 1 1 0 0 1h 1 E4h 
1620      1 1 1 1 0 0 1 0h 0 E4h 
1621      0 1 0 1 0 0 0 0h 1 ACh 
1622      1 1 1 1 0 1 1 2h 0 ACh 
1623      0 1 0 1 0 1 0 2h 1 1Ch 
1624      1 1 1 1 1 0 1 1h 0 1Ch 
1625      0 1 0 1 1 0 0 1h 1 E4h 
1626      0 1 0 1 1 0 1 1h 0 E4h 
1627      0 1 0 1 1 0 0 1h 1 E4h 
1628      1 1 1 1 0 0 1 0h 0 E4h 
1629      1 1 1 1 0 0 0 0h 1 ACh 
1630      1 1 1 1 1 0 1 1h 0 ACh 
1631      1 1 1 1 1 0 0 1h 1 E4h 
1632      0 1 0 1 0 1 1 2h 0 E4h 
1633      0 1 0 1 0 1 0 2h 1 1Ch 
1634      0 1 0 1 1 1 1 3h 0 1Ch 
1635      1 1 1 1 1 1 0 3h 1 54h 
1636      1 1 1 1 0 0 1 0h 0 54h 
1637      1 1 1 1 0 0 0 0h 1 ACh 
1638      1 1 1 1 0 1 1 2h 0 ACh 
1639      0 1 0 1 0 1 0 2h 1 1Ch 
1640      1 1 1 1 0 1 1 2h 0 1Ch 
1641      1 1 1 1 0 1 0 2h 1 1Ch 
1642      0 1 0 1 1 0 1 1h 0 1Ch 
1643      1 1 1 1 1 0 0 1h 1 E4h 
1644      0 1 0 1 1 1 1 3h 0 E4h 
1645      0 1 0 1 1 1 0 3h 1 54h 
1646      0 1 0 1 1 1 1 3h 0 54h 
1647      0 1 0 1 1 1 0 3h 1 54h 
1648      1 1 1 1 0 0 1 0h 0 54h 
1649      0 1 0 1 0 0 0 0h 1 ACh 
1650      0 1 0 1 1 0 1 1h 0 ACh 
1651      1 1 1 1 1 0 0 1h 1 E4h 
1652      1 1 1 1 0 0 1 0h 0 E4h 
1653      1 1 1 1 0 0 0 0h 1 ACh 
1654      0 1 0 1 0 1 1 2h 0 ACh 
1655      1 1 1 1 0 1 0 2h 1 1Ch 
1656      1 1 1 1 1 1 1 3h 0 1Ch 
1657      1 1 1 1 1 1 0 3h 1 54h 
1658      1 1 1 1 0 1 1 2h 0 54h 
1659      0 1 0 1 0 1 0 2h 1 1Ch 
1660      1 1 1 1 0 1 1 2h 0 1Ch 
1661      1 1 1 1 0 1 0 2h 1 1Ch 
1662      1 1 1 1 1 0 1 1h 0 1Ch 
1663      1 1 1 1 1 0 0 1h 1 E4h 
1664      1 1 1 1 0 1 1 2h 0 E4h 
1665      1 1 1 1 0 1 0 2h 1 1Ch 
1666      0 1 0 1 0 1 1 2h 0 1Ch 
1667      1 1 1 1 0 1 0 2h 1 1Ch 
1668      0 1 0 1 1 1 1 3h 0 1Ch 
1669      0 1 0 1 1 1 0 3h 1 54h 
1670      0 1 0 1 1 1 1 3h 0 54h 
1671      0 1 0 1 1 1 0 3h 1 54h 
1672      1 1 1 1 0 0 1 0h 0 54h 
1673      0 1 0 1 0 0 0 0h 1 ACh 
1674      1 1 1 1 1 0 1 1h 0 ACh 
1675      0 1 0 1 1 0 0 1h 1 E4h 
1676      1 1 1 1 1 0 1 1h 0 E4h 
1677      0 1 0 1 1 0 0 1h 1 E4h 
1678      0 1 0 1 1 0 1 1h 0 E4h 
1679      0 1 0 1 1 0 0 1h 1 E4h 
1680      1 1 1 1 0 0 1 0h 0 E4h 
1681      1 1 1 1 0 0 0 0h 1 ACh 
1682      1 1 1 1 1 0 1 1h 0 ACh 
1683      0 1 0 1 1 0 0 1h 1 E4h 
1684      0 1 0 1 0 1 1 2h 0 E4h 
1685      1 1 1 1 0 1 0 2h 1 1Ch 
1686      0 1 0 1 0 0 1 0h 0 1Ch 
1687      1 1 1 1 0 0 0 0h 1 ACh 
1688      0 1 0 1 1 1 1 3h 0 ACh 
1689      0 1 0 1 1 1 0 3h 1 54h 
1690      1 1 1 1 1 1 1 3h 0 54h 
1691      0 1 0 1 1 1 0 3h 1 54h 
1692      0 1 0 1 1 0 1 1h 0 54h 
1693      0 1 0 1 1 0 0 1h 1 E4h 
1694      1 1 1 1 0 0 1 0h 0 E4h 
1695      0 1 0 1 0 0 0 0h 1 ACh 
1696      1 1 1 1 1 0 1 1h 0 ACh 
1697      0 1 0 1 1 0 0 1h 1 E4h 
1698      1 1 1 1 1 0 1 1h 0 E4h 
1699      1 0 1 0 1 0 0 1h 1 E4h 
1700      0 1 0 1 1 0 0 1h 0 E4h 
1701      1 1 1 1 1 0 1 1h 0 E4h 
1702      0 1 0 1 1 0 0 1h 1 E4h 
1703      1 1 1 1 1 0 1 1h 0 E4h 
1704      1 1 1 1 1 0 0 1h 1 E4h 
1705      0 1 0 1 1 0 1 1h 0 E4h 
1706      1 1 1 1 1 0 0 1h 1 E4h 
1707      0 1 0 1 1 1 1 3h 0 E4h 
1708      1 1 1 1 1 1 0 3h 1 54h 
1709      1 1 1 1 1 1 1 3h 0 54h 
1710      1 1 1 1 1 1 0 3h 1 54h 
1711      1 1 1 1 0 1 1 2h 0 54h 
1712      1 1 1 1 0 1 0 2h 1 1Ch 
1713      0 1 0 1 0 1 1 2h 0 1Ch 
1714      0 1 0 1 0 1 0 2h 1 1Ch 
1715      1 1 1 1 1 1 1 3h 0 1Ch 
1716      1 1 1 1 1 1 0 3h 1 54h 
1717      0 1 0 1 1 0 1 1h 0 54h 
1718      0 1 0 1 1 0 0 1h 1 E4h 
1719      0 1 0 1 1 1 1 3h 0 E4h 
1720      0 1 0 1 1 1 0 3h 1 54h 
1721      1 1 1 1 0 0 1 0h 0 54h 
1722      1 1 1 1 0 0 0 0h 1 ACh 
1723      0 1 0 1 1 0 1 1h 0 ACh 
1724      1 1 1 1 1 0 0 1h 1 E4h 
1725      0 1 0 1 1 1 1 3h 0 E4h 
1726      0 1 0 1 1 1 0 3h 1 54h 
1727      0 1 0 1 1 1 1 3h 0 54h 
1728      1 1 1 1 1 1 0 3h 1 54h 
1729      1 1 1 1 0 0 1 0h 0 54h 
1730      1 1 1 1 0 0 0 0h 1 ACh 
1731      1 1 1 1 0 1 1 2h 0 ACh 
1732      0 1 0 1 0 1 0 2h 1 1Ch 
1733      0 1 0 1 0 1 1 2h 0 1Ch 
1734      0 1 0 1 0 1 0 2h 1 1Ch 
1735      1 1 1 1 0 0 1 0h 0 1Ch 
1736      1 1 1 1 0 0 0 0h 1 ACh 
1737      0 1 0 1 1 0 1 1h 0 ACh 
1738      0 0 0 0 1 0 0 1h 1 E4h 
1739      1 1 1 1 1 0 0 1h 0 E4h 
1740      0 1 0 1 1 1 1 3h 0 E4h 
1741      0 1 0 1 1 1 0 3h 1 54h 
1742      1 1 1 1 1 1 1 3h 0 54h 
1743      1 1 1 1 1 1 0 3h 1 54h 
1744      0 1 0 1 1 0 1 1h 0 54h 
1745      0 1 0 1 1 0 0 1h 1 E4h 
1746      0 1 0 1 1 1 1 3h 0 E4h 
1747      1 1 1 1 1 1 0 3h 1 54h 
1748      0 1 0 1 0 0 1 0h 0 54h 
1749      1 1 1 1 0 0 0 0h 1 ACh 
1750      1 1 1 1 1 1 1 3h 0 ACh 
1751      0 1 0 1 1 1 0 3h 1 54h 
1752      0 1 0 1 0 1 1 2h 0 54h 
1753      1 1 1 1 0 1 0 2h 1 1Ch 
1754      0 1 0 1 0 0 1 0h 0 1Ch 
1755      1 1 1 1 0 0 0 0h 1 ACh 
1756      1 1 1 1 1 1 1 3h 0 ACh 
1757      1 1 1 1 1 1 0 3h 1 54h 
1758      1 1 1 1 0 1 1 2h 0 54h 
1759      0 1 0 1 0 1 0 2h 1 1Ch 
1760      1 1 1 1 0 1 1 2h 0 1Ch 
1761      1 1 1 1 0 1 0 2h 1 1Ch 
1762      1 1 1 1 1 0 1 1h 0 1Ch 
1763      1 1 1 1 1 0 0 1h 1 E4h 
1764      1 1 1 1 0 1 1 2h 0 E4h 
1765      1 1 1 1 0 1 0 2h 1 1Ch 
1766      1 1 1 1 0 1 1 2h 0 1Ch 
1767      0 1 0 1 0 1 0 2h 1 1Ch 
1768      1 1 1 1 0 1 1 2h 0 1Ch 
1769      0 1 0 1 0 1 0 2h 1 1Ch 
1770      0 1 0 1 1 0 1 1h 0 1Ch 
1771      1 1 1 1 1 0 0 1h 1 E4h 
1772      0 1 0 1 0 0 1 0h 0 E4h 
1773      1 1 1 1 0 0 0 0h 1 ACh 
1774      1 1 1 1 1 1 1 3h 0 ACh 
1775      1 1 1 1 1 1 0 3h 1 54h 
1776      0 1 0 1 0 1 1 2h 0 54h 
1777      1 1 1 1 0 1 0 2h 1 1Ch 
1778      0 1 0 1 1 1 1 3h 0 1Ch 
1779      0 1 0 1 1 1 0 3h 1 54h 
1780      1 1 1 1 1 1 1 3h 0 54h 
1781      0 1 0 1 1 1 0 3h 1 54h 
1782      0 1 0 1 1 0 1 1h 0 54h 
1783      1 1 1 1 1 0 0 1h 1 E4h 
1784      0 1 0 1 0 0 1 0h 0 E4h 
1785      1 1 1 1 0 0 0 0h 1 ACh 
1786      0 1 0 1 1 1 1 3h 0 ACh 
1787      1 1 1 1 1 1 0 3h 1 54h 
1788      0 1 0 1 1 1 1 3h 0 54h 
1789      0 1 0 1 1 1 0 3h 1 54h 
1790      1 1 1 1 1 1 1 3h 0 54h 
1791      0 1 0 1 1 1 0 3h 1 54h 
